500
15 24 46 
56 5 44 
6 68 59 
25 13 32 
42 62 65 
18 45 35 
42 6 66 
65 44 56 
38 65 33 
42 34 15 
1 7 2 
12 20 15 
51 29 32 
30 65 12 
3 1 4 
8 32 3 
35 8 34 
41 2 32 
61 45 40 
8 19 25 
14 62 36 
43 11 18 
59 28 49 
27 25 58 
51 11 3 
8 4 67 
62 14 2 
46 66 54 
47 9 32 
4 25 27 
24 54 41 
59 50 3 
46 60 67 
50 5 19 
37 7 6 
54 30 9 
39 36 44 
47 35 4 
59 13 57 
52 20 55 
66 23 32 
5 24 42 
46 25 7 
32 54 22 
7 3 12 
51 1 15 
49 51 63 
50 4 43 
66 15 2 
16 30 2 
56 21 8 
40 68 60 
41 61 67 
28 45 14 
19 35 59 
59 53 3 
57 29 27 
47 9 58 
42 60 13 
59 26 10 
49 45 57 
10 12 24 
66 21 14 
9 30 42 
32 33 36 
4 17 12 
42 5 44 
34 45 10 
61 46 44 
12 21 57 
12 39 37 
65 23 47 
42 4 13 
51 66 61 
4 15 25 
2 20 11 
22 15 38 
11 14 62 
11 60 35 
17 53 55 
44 54 19 
42 14 3 
7 23 62 
63 37 22 
26 3 15 
13 17 15 
17 39 13 
20 25 50 
51 9 57 
41 8 6 
51 8 22 
60 66 2 
50 3 44 
36 65 41 
67 23 5 
21 19 5 
14 45 65 
26 23 13 
44 48 11 
18 23 67 
41 37 11 
47 13 6 
57 68 7 
41 44 46 
62 16 28 
9 40 10 
25 2 43 
50 3 37 
29 11 48 
14 21 62 
53 60 40 
55 66 22 
64 21 5 
26 23 10 
16 32 25 
27 39 38 
22 40 2 
28 29 26 
36 21 9 
54 1 28 
51 33 66 
51 31 34 
38 30 48 
11 45 15 
46 49 16 
37 54 11 
60 64 15 
65 31 59 
32 57 54 
51 32 38 
33 22 39 
34 31 12 
2 18 14 
61 53 38 
50 47 42 
4 63 28 
8 37 24 
30 22 55 
3 52 1 
5 60 57 
14 61 63 
17 19 12 
66 9 7 
33 32 12 
26 15 38 
21 14 13 
19 28 47 
19 3 40 
15 58 6 
43 64 23 
14 58 23 
22 18 16 
26 28 25 
48 45 68 
37 52 51 
49 62 25 
58 13 52 
8 5 14 
10 61 4 
61 57 27 
42 44 33 
63 41 30 
6 60 39 
6 9 46 
62 10 22 
57 14 3 
51 57 17 
52 64 55 
59 30 29 
27 9 13 
5 17 62 
3 5 26 
1 23 64 
7 32 17 
48 52 35 
12 27 66 
61 60 26 
53 34 62 
30 48 15 
63 51 36 
50 35 17 
62 68 17 
16 48 7 
28 13 31 
53 13 5 
7 2 15 
61 22 43 
23 21 17 
51 29 14 
17 32 10 
54 26 22 
65 47 36 
57 33 19 
56 36 12 
67 64 47 
34 7 28 
11 16 46 
3 54 51 
34 4 62 
6 32 67 
17 43 27 
48 51 36 
24 22 1 
40 57 38 
30 45 20 
34 39 5 
56 44 35 
21 33 14 
54 25 27 
8 55 65 
23 44 45 
10 28 21 
17 65 35 
35 33 38 
33 2 27 
46 64 65 
26 6 12 
23 18 31 
28 60 53 
21 18 65 
1 15 34 
48 52 13 
11 65 14 
14 30 1 
23 13 11 
64 2 28 
66 17 7 
35 10 68 
61 68 63 
56 38 17 
59 32 30 
7 24 57 
47 7 62 
37 11 62 
24 5 4 
32 62 46 
64 11 66 
27 25 8 
12 54 46 
14 59 61 
56 31 57 
41 14 3 
36 57 54 
28 43 27 
47 48 27 
27 21 7 
35 27 6 
7 20 6 
28 5 29 
46 49 65 
53 29 17 
33 14 28 
35 8 22 
36 25 10 
43 60 22 
7 10 26 
34 29 7 
22 68 43 
46 7 47 
6 55 49 
67 29 66 
10 43 45 
11 68 54 
12 48 8 
2 63 6 
59 56 52 
39 52 49 
28 26 60 
63 49 62 
45 55 18 
40 41 51 
8 19 22 
7 68 51 
64 31 30 
4 33 35 
57 66 55 
7 9 4 
40 4 60 
63 8 47 
28 62 53 
20 39 16 
61 36 62 
48 40 58 
54 13 29 
16 64 39 
36 4 5 
13 14 53 
48 51 30 
39 29 68 
18 19 22 
15 20 17 
9 1 17 
4 61 12 
47 33 10 
28 45 34 
26 6 7 
10 44 18 
56 40 42 
48 62 61 
62 30 1 
12 20 11 
15 63 12 
22 68 60 
42 5 6 
15 16 11 
22 60 45 
27 24 58 
53 48 28 
45 54 43 
16 68 30 
48 60 67 
51 31 22 
44 4 64 
35 7 45 
26 13 11 
25 3 24 
17 13 67 
18 13 58 
39 8 44 
50 21 10 
17 13 44 
10 22 54 
43 68 18 
34 48 5 
50 57 58 
23 7 48 
20 67 12 
17 39 25 
63 39 32 
41 64 44 
11 18 16 
59 42 14 
24 37 64 
46 14 55 
10 55 44 
49 54 8 
32 16 43 
9 36 64 
42 39 27 
12 42 50 
56 26 45 
13 55 24 
25 34 64 
23 16 9 
24 18 20 
37 19 11 
62 9 1 
1 12 11 
42 68 4 
20 2 39 
44 64 19 
33 27 22 
38 58 9 
4 66 64 
20 42 59 
14 17 2 
26 29 51 
21 31 24 
28 11 52 
66 1 23 
51 17 52 
50 47 38 
61 52 49 
2 8 23 
15 18 24 
39 29 65 
46 5 22 
62 31 14 
45 26 38 
42 7 54 
9 2 10 
27 34 46 
68 13 16 
4 7 47 
46 27 44 
11 12 28 
58 41 52 
61 13 40 
57 34 4 
38 52 42 
44 49 26 
6 65 41 
33 31 9 
4 17 3 
13 48 6 
51 4 57 
41 66 24 
67 60 29 
38 57 45 
33 30 26 
62 15 27 
32 39 53 
1 15 24 
3 12 41 
7 12 51 
1 58 12 
33 41 45 
52 29 66 
26 66 55 
12 31 22 
63 3 38 
18 33 9 
4 26 56 
25 1 11 
26 20 15 
33 52 65 
12 20 64 
58 52 53 
18 23 47 
30 45 33 
28 38 34 
4 58 43 
13 5 32 
41 2 66 
50 62 14 
47 32 66 
15 3 19 
42 13 37 
54 66 43 
42 25 35 
26 52 58 
6 31 21 
11 24 64 
45 47 27 
37 15 66 
52 68 45 
9 36 57 
17 49 63 
12 55 16 
25 65 16 
21 65 30 
4 40 41 
1 51 67 
18 31 16 
57 11 5 
20 37 26 
33 28 25 
9 33 59 
46 44 51 
65 56 62 
19 67 3 
64 6 25 
49 10 60 
27 8 32 
53 49 48 
51 39 24 
46 4 34 
25 11 8 
39 57 56 
13 38 23 
67 41 36 
51 28 52 
27 22 15 
13 48 22 
40 43 21 
40 14 34 
5 20 26 
9 40 2 
53 34 38 
7 3 21 
24 66 47 
24 28 8 
66 29 4 
21 16 40 
24 62 41 
62 66 21 
59 22 35 
52 16 64 
37 33 62 
49 51 36 
47 27 60 
6 60 8 
41 17 64 
32 26 37 
41 48 19 
47 4 10 
22 31 7 
33 39 11 
65 59 54 
54 6 2 
21 49 53 
12 58 20 
50 46 33 
32 49 23 
11 10 39 
15 16 22 
13 8 21 
47 21 20 
52 50 62 
31 40 56 
12 37 45 
6 57 45 
65 19 55 
59 8 45 
21 68 18 
15 37 40 
59 20 56 
67 25 9 
19 39 31 
40 54 59 
