500
7 15 2 
27 60 47 
7 46 47 
43 2 25 
63 51 49 
11 20 2 
11 46 16 
48 29 11 
23 18 31 
35 45 7 
46 64 65 
47 45 27 
30 12 65 
17 32 10 
25 4 15 
8 32 27 
47 8 63 
19 5 50 
67 36 41 
50 14 62 
22 35 59 
6 13 47 
9 58 47 
28 52 11 
23 65 47 
53 28 48 
57 3 14 
6 45 57 
42 47 50 
51 26 29 
5 20 26 
20 12 58 
24 1 15 
37 6 7 
26 5 3 
37 12 39 
38 9 58 
53 39 32 
57 21 12 
3 41 14 
15 45 11 
27 34 46 
68 16 13 
11 18 16 
37 11 19 
45 60 22 
59 9 33 
16 15 22 
9 46 6 
13 23 11 
64 24 11 
15 46 24 
47 32 9 
33 39 22 
32 23 49 
19 22 18 
18 21 68 
62 23 7 
6 13 48 
55 64 52 
17 41 64 
26 56 4 
56 39 57 
62 21 14 
56 17 38 
10 50 21 
26 28 29 
59 3 50 
66 21 14 
42 13 4 
6 63 2 
59 52 56 
25 1 11 
27 58 24 
15 18 24 
19 39 31 
41 62 24 
34 28 38 
19 33 57 
28 33 14 
13 58 18 
11 14 62 
36 5 4 
27 13 9 
22 12 31 
54 57 36 
37 26 20 
20 21 47 
7 42 54 
5 6 42 
37 24 8 
27 25 58 
3 21 7 
22 33 27 
26 38 15 
54 41 24 
42 4 68 
12 3 41 
3 32 8 
44 55 10 
24 20 18 
26 45 56 
28 12 11 
56 44 5 
23 14 58 
40 58 48 
2 40 22 
34 5 48 
60 68 22 
25 9 67 
53 40 60 
23 38 13 
59 6 68 
43 22 60 
20 55 52 
42 5 44 
43 18 11 
47 36 65 
43 61 22 
12 20 64 
23 5 67 
46 49 16 
49 55 6 
48 13 22 
36 10 25 
45 68 48 
15 13 17 
18 9 33 
1 7 2 
46 7 25 
62 1 9 
57 7 68 
41 36 65 
4 9 7 
4 3 17 
52 26 58 
26 23 10 
9 21 36 
14 21 13 
57 5 11 
12 63 15 
16 32 25 
43 16 32 
2 10 9 
48 13 52 
31 59 65 
15 37 66 
57 27 29 
21 40 43 
28 63 4 
22 66 55 
62 17 68 
4 35 47 
42 13 60 
54 32 57 
59 54 40 
51 32 29 
26 49 44 
59 26 10 
60 35 11 
34 28 45 
49 62 63 
18 22 16 
49 25 62 
17 44 13 
16 31 18 
45 40 61 
37 22 63 
33 37 62 
4 66 64 
49 8 54 
42 5 24 
10 33 47 
47 19 28 
10 60 49 
26 28 60 
67 66 29 
46 62 32 
18 65 21 
17 29 53 
67 60 46 
52 1 3 
8 4 67 
13 29 54 
46 44 27 
55 66 26 
29 28 5 
63 61 14 
12 33 32 
14 13 53 
57 51 4 
42 9 30 
42 13 37 
11 39 33 
27 8 25 
57 9 36 
66 4 29 
12 58 1 
61 38 53 
62 2 14 
7 9 66 
65 59 54 
50 35 17 
54 22 32 
53 38 34 
33 30 45 
12 4 17 
57 55 66 
53 62 28 
46 65 49 
7 6 20 
25 16 65 
15 22 27 
57 40 38 
41 37 11 
64 23 1 
4 60 40 
61 27 57 
54 11 37 
51 31 22 
1 22 24 
24 12 10 
30 48 51 
14 29 51 
8 14 5 
56 62 65 
10 21 28 
56 40 31 
38 33 65 
15 38 22 
19 48 41 
25 20 50 
42 25 35 
50 38 47 
21 8 56 
48 8 12 
51 46 44 
36 44 39 
12 61 4 
53 60 28 
65 52 33 
64 30 31 
50 3 44 
59 42 20 
11 39 10 
62 36 14 
17 15 20 
48 23 7 
14 18 2 
43 17 27 
12 31 34 
4 5 24 
61 68 63 
9 40 2 
8 45 59 
25 33 28 
16 28 62 
65 62 42 
61 60 26 
26 13 23 
34 7 28 
42 39 27 
35 45 18 
12 11 20 
35 6 27 
52 66 29 
2 41 66 
31 9 33 
26 7 6 
12 54 46 
61 62 48 
61 62 36 
54 22 26 
57 60 5 
10 22 62 
15 20 26 
15 1 34 
15 48 30 
40 42 56 
67 61 41 
14 17 2 
45 18 55 
57 50 58 
19 8 22 
57 4 34 
62 14 31 
22 7 31 
59 3 53 
51 40 41 
54 6 2 
11 16 15 
26 12 6 
1 28 54 
28 52 51 
21 40 16 
60 68 40 
52 13 58 
52 50 62 
51 11 3 
29 30 59 
51 48 36 
45 68 52 
62 5 17 
56 35 44 
22 55 30 
15 40 37 
19 5 21 
37 26 32 
65 8 55 
64 39 16 
33 66 51 
42 52 38 
15 27 62 
6 42 66 
64 6 25 
13 32 25 
3 12 7 
25 34 64 
50 3 37 
66 12 27 
54 22 10 
64 44 41 
30 65 21 
20 45 30 
29 65 39 
50 43 4 
63 36 51 
49 52 39 
26 3 15 
51 7 12 
43 28 27 
21 66 62 
8 21 13 
59 14 42 
34 40 14 
67 29 60 
17 32 7 
46 14 55 
26 33 30 
38 45 26 
53 49 21 
3 14 42 
20 2 39 
8 24 28 
52 58 53 
41 2 32 
48 16 7 
34 62 53 
11 13 26 
46 34 4 
8 34 35 
68 30 16 
21 31 6 
43 68 22 
25 8 19 
4 44 64 
5 53 13 
13 61 40 
54 43 66 
29 39 68 
5 39 34 
7 29 34 
41 33 45 
11 68 54 
57 38 45 
64 23 43 
17 49 63 
10 9 40 
35 65 17 
52 58 41 
60 64 15 
43 58 4 
67 47 64 
12 45 37 
57 24 7 
48 52 35 
67 60 48 
51 54 3 
64 5 21 
50 12 42 
66 24 41 
34 45 10 
32 67 6 
6 41 8 
46 41 44 
51 15 1 
65 44 56 
20 56 59 
51 52 37 
64 11 66 
25 17 39 
23 17 21 
53 48 49 
9 57 51 
36 49 51 
56 31 57 
67 51 1 
10 4 61 
39 44 8 
54 66 46 
8 23 2 
2 28 64 
13 39 17 
62 11 37 
59 35 19 
21 14 33 
61 66 51 
4 25 27 
47 27 48 
51 34 31 
39 32 63 
7 62 47 
16 64 52 
35 33 38 
1 17 9 
25 27 54 
25 26 28 
24 39 51 
19 3 67 
66 15 2 
35 4 33 
3 63 38 
28 31 13 
66 7 17 
17 12 19 
46 61 44 
35 22 8 
44 45 23 
16 39 20 
60 2 66 
13 57 59 
61 59 14 
56 12 36 
15 20 12 
33 46 50 
24 55 13 
14 65 11 
51 17 57 
53 55 17 
47 66 32 
2 30 16 
1 23 66 
57 49 45 
60 8 6 
51 38 32 
32 33 36 
20 12 67 
43 10 45 
27 33 2 
12 55 16 
6 58 15 
51 68 7 
25 24 3 
24 66 47 
23 67 18 
14 1 30 
54 43 45 
4 7 47 
51 52 17 
38 27 39 
59 30 32 
24 31 21 
5 32 13 
41 30 63 
6 65 41 
61 52 49 
3 19 15 
51 22 8 
44 11 48 
54 30 9 
54 19 44 
8 11 25 
47 10 4 
43 18 68 
62 34 4 
15 34 42 
45 65 14 
38 48 30 
66 32 23 
47 18 23 
41 4 40 
64 19 44 
22 5 46 
28 49 59 
9 23 16 
64 37 24 
19 55 65 
64 36 9 
27 7 21 
10 44 18 
19 40 3 
1 4 3 
13 67 17 
62 1 30 
10 35 68 
33 44 42 
39 60 6 
7 10 26 
11 1 12 
14 45 28 
