500
29 67 66 
11 54 37 
28 29 26 
10 44 55 
20 12 64 
44 56 65 
9 62 1 
50 5 19 
11 64 66 
21 9 36 
33 46 50 
22 54 32 
28 59 49 
13 59 57 
60 64 15 
65 6 41 
13 38 23 
53 3 59 
34 25 64 
65 33 52 
21 62 14 
61 13 40 
34 51 31 
65 55 19 
23 18 47 
2 54 6 
16 13 68 
15 16 22 
24 13 55 
42 54 7 
11 51 3 
66 21 62 
9 54 30 
65 47 23 
59 19 35 
63 41 30 
61 59 14 
50 57 58 
2 20 39 
32 25 13 
33 12 32 
14 3 57 
33 26 30 
23 48 7 
68 22 60 
56 21 8 
35 60 11 
28 53 48 
45 38 26 
4 57 34 
40 19 3 
8 48 12 
22 16 18 
34 35 8 
15 38 26 
44 11 48 
6 35 27 
55 22 66 
65 36 41 
31 22 7 
54 59 40 
17 35 50 
21 68 18 
7 9 4 
25 64 6 
14 51 29 
18 16 31 
36 62 14 
18 16 11 
31 65 59 
49 21 53 
4 15 25 
4 12 61 
7 3 12 
61 14 63 
1 58 12 
56 57 39 
21 43 40 
55 52 20 
12 7 51 
58 41 52 
26 20 37 
62 48 61 
46 5 22 
30 9 42 
10 44 18 
15 58 6 
47 32 66 
12 36 56 
18 23 67 
52 29 66 
7 66 17 
47 66 24 
62 28 53 
23 1 64 
7 27 21 
51 57 17 
66 61 51 
34 62 4 
27 47 45 
29 48 11 
49 46 16 
65 11 14 
18 43 11 
30 16 68 
23 62 7 
46 9 6 
15 2 66 
50 37 3 
13 17 67 
17 21 23 
23 26 13 
55 66 26 
5 13 53 
6 26 12 
60 40 53 
15 42 34 
45 30 33 
24 11 64 
58 40 48 
32 47 9 
41 66 2 
50 14 62 
45 28 34 
50 44 3 
46 51 44 
20 59 56 
50 3 59 
43 54 45 
11 37 19 
20 47 21 
16 15 11 
22 38 15 
60 67 46 
58 52 26 
46 62 32 
16 25 65 
49 62 25 
63 17 49 
7 48 16 
52 51 17 
54 66 46 
38 57 40 
27 66 12 
39 17 13 
16 62 28 
15 51 1 
62 36 61 
58 13 52 
17 4 3 
22 33 39 
56 26 45 
17 2 14 
63 3 38 
7 62 47 
52 53 58 
12 11 28 
50 12 42 
5 29 28 
7 6 26 
24 4 5 
55 6 49 
46 49 65 
28 52 11 
65 29 39 
29 66 4 
10 47 4 
11 16 46 
41 40 4 
24 3 25 
14 28 45 
49 45 57 
24 62 41 
17 44 13 
51 57 9 
41 64 17 
25 8 11 
67 9 25 
52 64 16 
6 48 13 
30 1 62 
60 61 26 
43 68 18 
21 6 31 
40 21 16 
23 64 43 
7 57 68 
33 42 44 
24 5 42 
20 59 42 
56 57 31 
12 30 65 
24 10 12 
35 38 33 
36 51 48 
4 12 17 
35 42 25 
61 40 45 
40 22 2 
33 66 51 
38 57 45 
19 48 41 
55 52 64 
17 29 53 
18 58 13 
46 7 25 
36 57 9 
31 14 62 
20 12 15 
7 29 34 
31 22 12 
1 22 24 
32 7 17 
37 24 64 
44 41 64 
39 29 68 
2 8 23 
43 22 60 
50 20 25 
58 27 25 
51 3 54 
10 47 33 
5 48 34 
2 7 1 
33 28 25 
22 37 63 
25 4 27 
45 15 11 
8 55 65 
17 25 39 
15 24 46 
5 62 17 
53 32 39 
56 59 52 
1 52 3 
39 16 64 
31 21 24 
21 13 8 
42 6 5 
24 28 8 
10 43 45 
4 68 42 
22 19 8 
38 48 30 
4 60 40 
1 11 25 
17 62 68 
11 62 14 
3 26 15 
4 57 51 
8 5 14 
41 3 12 
9 33 59 
61 53 38 
59 29 30 
56 44 35 
3 14 41 
38 51 32 
6 37 7 
16 2 30 
8 47 63 
17 35 65 
41 66 24 
33 62 37 
19 64 44 
40 60 68 
45 60 22 
41 24 54 
11 39 10 
35 22 8 
34 28 38 
20 17 15 
45 68 48 
36 51 49 
62 65 42 
12 37 39 
64 65 46 
6 60 8 
58 43 4 
32 8 3 
5 44 56 
68 52 45 
4 47 7 
10 26 7 
24 8 37 
33 35 4 
7 2 15 
33 38 65 
24 15 1 
45 35 18 
32 51 29 
26 54 22 
59 30 32 
44 46 41 
5 4 36 
33 19 57 
21 7 3 
55 30 22 
22 51 8 
37 13 42 
26 37 32 
18 21 65 
34 15 1 
44 46 27 
9 18 33 
56 4 26 
39 34 5 
10 21 50 
31 23 18 
55 46 14 
32 16 43 
40 9 10 
26 28 25 
1 12 11 
27 17 43 
15 62 27 
27 38 39 
13 48 52 
6 47 13 
39 42 27 
41 6 8 
68 59 6 
67 5 23 
13 26 11 
31 64 30 
25 8 27 
68 63 61 
5 64 21 
46 34 4 
45 35 7 
28 43 27 
42 47 50 
20 5 26 
53 38 34 
21 12 57 
18 45 55 
11 33 39 
6 66 42 
11 13 23 
42 14 59 
24 18 15 
26 60 28 
14 23 58 
5 57 11 
24 51 39 
10 36 25 
49 32 23 
12 31 34 
19 54 44 
32 39 63 
52 51 28 
42 60 13 
67 19 3 
22 35 59 
15 37 40 
2 60 66 
20 15 26 
21 14 66 
54 36 57 
59 26 10 
22 10 62 
65 21 30 
22 10 54 
45 8 59 
39 16 20 
33 27 22 
3 1 4 
66 64 4 
38 47 50 
28 54 1 
53 13 14 
60 48 67 
36 39 44 
3 15 19 
67 12 20 
32 25 16 
22 18 19 
16 12 55 
61 44 46 
1 9 17 
45 33 41 
28 19 47 
29 26 51 
67 1 51 
49 53 48 
45 34 10 
45 37 12 
58 9 38 
2 27 33 
20 30 45 
28 53 60 
43 22 68 
10 68 35 
23 66 32 
60 29 67 
12 17 19 
23 10 26 
37 66 15 
30 51 48 
27 34 46 
61 4 10 
66 57 55 
68 54 11 
45 6 57 
50 43 4 
46 47 7 
14 2 62 
48 47 27 
26 44 49 
33 21 14 
7 57 24 
19 31 39 
40 34 14 
62 56 65 
44 4 64 
25 2 43 
14 28 33 
27 57 29 
37 51 52 
28 64 2 
12 58 20 
61 27 57 
63 51 36 
13 42 4 
4 8 67 
13 28 31 
2 11 20 
39 60 6 
10 60 49 
44 39 8 
29 54 13 
23 66 1 
45 44 23 
7 28 34 
27 54 25 
2 6 63 
41 40 51 
38 52 42 
52 35 48 
32 5 13 
49 54 8 
58 24 27 
61 52 49 
59 54 65 
36 47 65 
32 27 8 
63 4 28 
4 47 35 
8 19 25 
13 14 21 
41 11 37 
9 31 33 
32 10 17 
2 10 9 
5 26 3 
17 15 13 
9 66 7 
40 9 2 
23 16 9 
22 51 31 
24 18 20 
6 32 67 
3 42 14 
51 7 68 
46 12 54 
52 50 62 
13 9 27 
44 5 42 
52 39 49 
22 13 48 
32 57 54 
17 38 56 
21 28 10 
65 14 45 
20 6 7 
61 41 67 
15 48 30 
33 36 32 
56 31 40 
47 27 60 
62 53 34 
36 9 64 
22 43 61 
18 2 14 
20 11 12 
67 36 41 
56 42 40 
5 19 21 
60 57 5 
22 15 27 
62 63 49 
63 15 12 
64 67 47 
1 30 14 
41 2 32 
17 53 55 
54 43 66 
9 47 58 
11 62 37 
63 49 51 
