500
29 60 67 
32 6 67 
6 25 64 
50 62 52 
18 23 47 
28 29 5 
20 58 12 
47 10 33 
45 55 18 
4 61 10 
56 44 5 
26 30 33 
51 57 9 
31 57 56 
56 39 57 
23 9 16 
36 25 10 
6 2 63 
54 57 32 
46 11 16 
66 14 21 
22 13 48 
36 32 33 
11 16 15 
38 27 39 
45 68 52 
47 4 7 
52 55 20 
53 28 62 
62 28 16 
28 26 29 
27 8 32 
61 43 22 
43 4 58 
56 17 38 
52 26 58 
57 29 27 
54 46 66 
67 60 46 
11 12 1 
32 37 26 
57 11 5 
16 11 18 
6 8 41 
12 65 30 
26 7 10 
14 21 13 
55 52 64 
47 46 7 
26 3 5 
25 16 32 
26 11 13 
39 68 29 
28 8 24 
37 19 11 
41 62 24 
4 68 42 
12 32 33 
10 22 62 
43 27 28 
64 16 39 
51 57 4 
61 51 66 
54 9 30 
56 62 65 
7 12 51 
20 12 67 
22 12 31 
24 58 27 
65 49 46 
41 65 6 
4 5 24 
42 66 6 
52 66 29 
35 27 6 
13 61 40 
43 54 45 
64 24 37 
63 61 68 
11 48 44 
48 51 36 
2 14 62 
11 24 64 
40 60 4 
34 10 45 
11 20 12 
30 45 20 
37 39 12 
47 27 45 
9 21 36 
46 22 5 
18 10 44 
21 40 16 
7 32 17 
65 8 55 
38 33 65 
5 48 34 
21 31 24 
13 48 6 
57 5 60 
19 3 67 
58 57 50 
43 11 18 
54 59 65 
54 29 13 
59 35 22 
47 6 13 
19 3 40 
51 30 48 
51 54 3 
30 21 65 
40 15 37 
40 60 53 
10 68 35 
41 58 52 
34 5 39 
13 39 17 
11 20 2 
59 40 54 
47 58 9 
22 66 55 
47 10 4 
14 29 51 
1 30 62 
6 31 21 
5 20 26 
35 8 34 
2 17 14 
31 39 19 
38 47 50 
3 24 25 
66 32 23 
28 11 12 
22 8 19 
67 60 48 
5 44 42 
51 1 15 
7 45 35 
23 49 32 
4 67 8 
22 60 43 
41 24 66 
57 7 68 
23 58 14 
25 35 42 
51 38 32 
46 34 27 
1 23 66 
28 10 21 
27 22 33 
14 30 1 
12 61 4 
51 52 37 
66 41 2 
4 35 47 
42 15 34 
9 67 25 
36 5 4 
53 17 29 
26 12 6 
21 43 40 
47 62 7 
23 43 64 
63 62 49 
9 58 38 
25 27 54 
27 44 46 
16 39 20 
30 45 33 
22 15 38 
43 66 54 
2 10 9 
50 47 42 
46 16 49 
32 66 47 
18 9 33 
14 40 34 
61 48 62 
23 67 18 
45 38 57 
64 30 31 
59 56 20 
61 14 59 
53 32 39 
39 52 49 
51 66 33 
19 35 59 
47 32 9 
60 15 64 
13 60 42 
20 21 47 
5 14 8 
34 28 45 
36 41 67 
38 26 45 
23 38 13 
37 62 33 
51 41 40 
20 26 37 
49 8 54 
22 2 40 
25 58 27 
59 10 26 
54 11 37 
8 24 37 
35 11 60 
62 27 15 
65 64 46 
14 31 62 
60 22 68 
53 48 49 
19 64 44 
16 43 32 
44 46 61 
5 67 23 
59 6 68 
44 19 54 
29 30 59 
19 21 5 
32 63 39 
16 15 22 
62 14 21 
57 4 34 
27 13 9 
34 28 7 
25 15 4 
59 57 13 
13 55 24 
18 58 13 
35 22 8 
7 48 16 
54 11 68 
64 44 4 
3 44 50 
66 15 2 
64 28 2 
17 27 43 
49 51 36 
64 34 25 
42 4 13 
14 62 50 
41 12 3 
26 7 6 
53 58 52 
51 52 17 
50 17 35 
37 12 45 
35 18 45 
57 40 38 
28 45 14 
12 17 4 
42 14 3 
44 55 10 
4 17 3 
44 64 41 
2 40 9 
34 1 15 
18 19 22 
41 32 2 
64 66 4 
25 8 19 
51 29 26 
8 11 25 
46 6 9 
3 50 59 
63 14 61 
27 48 47 
62 14 11 
18 68 43 
49 60 10 
64 36 9 
24 20 18 
1 17 9 
15 22 27 
24 1 15 
7 48 23 
7 17 66 
41 36 65 
39 8 44 
64 11 66 
26 60 28 
15 11 45 
28 31 13 
17 13 44 
29 32 51 
4 25 27 
39 44 36 
2 18 14 
57 9 36 
6 57 45 
28 4 63 
3 53 59 
16 18 22 
59 20 42 
25 62 49 
35 33 38 
3 32 8 
59 52 56 
14 55 46 
66 9 7 
64 41 17 
12 55 16 
62 1 9 
54 1 28 
25 17 39 
61 38 53 
42 5 6 
7 68 51 
23 18 31 
5 13 53 
31 40 56 
50 25 20 
8 45 59 
34 38 53 
10 12 24 
53 55 17 
54 2 6 
45 14 65 
42 52 38 
54 32 22 
7 3 21 
33 31 9 
11 39 10 
33 11 39 
43 45 10 
45 22 60 
24 1 22 
34 28 38 
15 13 17 
42 24 5 
34 12 31 
8 56 21 
60 40 68 
22 7 31 
3 14 41 
27 57 61 
39 65 29 
37 22 63 
26 38 15 
36 51 63 
62 68 17 
3 52 1 
13 37 42 
53 14 13 
2 25 43 
46 41 44 
48 68 45 
8 12 48 
41 24 54 
15 37 66 
30 48 38 
31 34 51 
23 8 2 
48 52 13 
47 36 65 
3 12 7 
29 48 11 
23 13 11 
10 22 54 
25 13 32 
8 25 27 
51 17 57 
54 22 26 
51 22 8 
59 9 33 
34 29 7 
67 41 61 
65 33 52 
47 19 28 
19 50 5 
56 42 40 
27 39 42 
13 58 52 
38 63 3 
53 60 28 
61 52 49 
55 26 66 
24 39 51 
15 19 3 
21 14 33 
7 4 9 
47 60 27 
4 62 34 
62 7 23 
2 1 7 
5 21 64 
6 55 49 
65 55 19 
15 12 63 
68 18 21 
10 23 26 
12 36 56 
10 32 17 
51 44 46 
46 32 62 
17 15 20 
67 47 64 
23 21 17 
41 4 40 
14 11 65 
35 17 65 
51 28 52 
65 42 62 
37 7 6 
68 13 16 
24 15 18 
28 52 11 
15 20 26 
51 22 31 
36 62 61 
63 47 8 
19 33 57 
30 32 59 
63 49 17 
40 45 61 
2 30 16 
46 4 34 
52 64 16 
50 33 46 
49 57 45 
21 49 53 
26 45 56 
65 56 44 
37 62 11 
42 44 33 
24 66 47 
67 66 29 
42 30 9 
2 15 7 
34 62 53 
50 12 42 
50 21 10 
65 59 31 
6 20 7 
3 4 1 
28 48 53 
46 54 12 
63 49 51 
51 3 11 
62 21 66 
35 4 33 
45 23 44 
28 33 14 
61 26 60 
25 26 28 
5 32 13 
56 4 26 
12 20 15 
47 65 23 
2 66 60 
3 37 50 
57 24 7 
66 4 29 
59 49 28 
27 33 2 
67 51 1 
64 23 1 
21 65 18 
16 30 68 
57 55 66 
46 24 15 
35 44 56 
40 58 48 
16 31 18 
64 20 12 
17 19 12 
60 8 6 
28 25 33 
12 21 57 
16 65 25 
20 39 2 
30 48 15 
33 39 22 
39 6 60 
26 15 3 
26 13 23 
41 19 48 
66 12 27 
4 43 50 
25 11 1 
12 1 58 
11 37 41 
10 9 40 
54 57 36 
7 25 46 
27 21 7 
17 67 13 
30 41 63 
41 45 33 
30 55 22 
15 6 58 
26 49 44 
36 14 62 
3 14 57 
35 52 48 
62 5 17 
14 42 59 
42 54 7 
13 8 21 
43 22 68 
