500
14 3 42 
12 26 6 
25 42 35 
49 17 63 
5 56 44 
46 33 50 
54 7 42 
38 33 35 
33 9 59 
66 47 32 
54 30 9 
20 24 18 
60 28 26 
62 52 50 
68 22 43 
44 41 46 
16 9 23 
2 9 40 
15 1 51 
45 11 15 
13 42 4 
22 62 10 
66 4 64 
64 52 55 
17 23 21 
54 44 19 
15 2 7 
46 16 49 
19 50 5 
12 30 65 
23 32 49 
29 26 28 
11 44 48 
62 42 65 
44 23 45 
47 65 23 
40 19 3 
39 20 2 
51 40 41 
3 41 14 
38 28 34 
46 44 61 
33 37 62 
44 56 35 
68 39 29 
29 28 5 
40 4 41 
43 54 66 
52 20 55 
16 18 31 
10 36 25 
7 46 25 
28 8 24 
21 40 43 
12 66 27 
22 30 55 
57 56 31 
31 22 51 
10 7 26 
57 36 54 
7 66 9 
6 7 20 
51 48 36 
9 36 21 
4 24 5 
51 48 30 
57 36 9 
39 37 12 
15 1 24 
35 4 47 
23 1 64 
12 20 58 
60 6 8 
3 50 37 
18 67 23 
39 11 10 
66 60 2 
48 13 6 
62 32 46 
21 8 56 
12 11 28 
9 33 31 
51 1 67 
14 50 62 
59 57 13 
15 26 20 
17 51 57 
22 61 43 
55 65 19 
40 9 10 
48 30 15 
52 26 58 
60 28 53 
43 25 2 
66 23 32 
1 62 30 
41 63 30 
26 49 44 
13 53 14 
64 52 16 
33 4 35 
60 11 35 
7 57 68 
41 45 33 
4 34 57 
36 65 47 
14 62 31 
68 54 11 
40 56 31 
39 32 63 
68 22 60 
58 27 24 
60 49 10 
30 64 31 
65 21 18 
60 40 4 
19 15 3 
53 58 52 
14 11 62 
39 11 33 
54 65 59 
15 60 64 
44 50 3 
46 65 64 
39 13 17 
21 53 49 
12 7 3 
20 12 15 
25 27 4 
52 58 41 
31 28 13 
49 46 65 
66 24 47 
22 43 60 
27 42 39 
8 27 25 
54 41 24 
48 29 11 
17 50 35 
34 31 51 
19 8 22 
33 32 36 
32 6 67 
62 24 41 
3 25 24 
32 27 8 
15 25 4 
34 27 46 
49 48 53 
7 35 45 
22 46 5 
12 16 55 
62 37 11 
20 30 45 
45 59 8 
51 39 24 
68 60 40 
53 59 3 
23 67 5 
32 3 8 
18 2 14 
54 8 49 
20 47 21 
68 10 35 
13 6 47 
32 47 9 
11 41 37 
9 67 25 
62 53 34 
40 21 16 
11 12 20 
16 15 22 
65 17 35 
23 7 62 
64 25 34 
41 36 65 
7 4 47 
52 3 1 
58 15 6 
51 44 46 
9 38 58 
66 64 11 
38 45 26 
28 33 14 
14 13 21 
40 2 22 
16 32 43 
1 12 58 
52 58 13 
14 23 58 
22 1 24 
13 11 23 
47 50 42 
10 24 12 
26 56 4 
42 12 50 
66 46 54 
54 51 3 
41 6 65 
27 47 48 
16 13 68 
61 4 12 
26 61 60 
57 51 9 
51 49 63 
7 16 48 
55 13 24 
7 22 31 
60 29 67 
7 3 21 
4 36 5 
66 37 15 
31 21 6 
10 26 23 
47 46 7 
45 26 56 
35 59 22 
66 51 33 
51 49 36 
39 38 27 
38 15 22 
44 39 36 
46 67 60 
26 22 54 
28 62 16 
35 19 59 
17 14 2 
37 12 45 
62 28 53 
55 6 49 
33 10 47 
39 19 31 
45 14 28 
14 3 57 
17 67 13 
22 35 8 
66 26 55 
13 11 26 
33 42 44 
15 3 26 
43 45 10 
19 44 64 
38 51 32 
38 23 13 
52 28 11 
32 16 25 
35 48 52 
11 25 8 
40 61 45 
60 47 27 
4 29 66 
5 3 26 
32 17 7 
66 41 2 
28 34 7 
28 10 21 
52 42 38 
60 22 45 
1 14 30 
62 34 4 
12 15 63 
32 41 2 
10 59 26 
13 42 60 
52 33 65 
55 57 66 
52 13 48 
41 36 67 
61 14 63 
60 48 67 
8 65 55 
28 64 2 
28 19 47 
47 27 45 
57 50 58 
38 50 47 
59 56 20 
23 66 1 
21 12 57 
4 12 17 
10 34 45 
16 25 65 
17 55 53 
11 16 18 
54 45 43 
24 41 66 
40 61 13 
5 34 48 
51 63 36 
25 49 62 
39 17 25 
57 45 49 
68 52 45 
59 65 31 
21 7 27 
9 27 13 
64 41 44 
8 2 23 
48 19 41 
14 36 62 
8 24 37 
62 61 36 
4 10 61 
21 50 10 
65 11 14 
58 4 43 
6 59 68 
29 26 51 
6 54 2 
10 9 2 
58 18 13 
3 59 50 
47 63 8 
22 27 15 
38 45 57 
18 43 68 
25 64 6 
12 41 3 
29 53 17 
40 53 60 
34 15 42 
17 5 62 
2 66 15 
13 25 32 
31 12 22 
10 54 22 
30 16 2 
37 19 11 
62 48 61 
48 28 53 
8 12 48 
22 8 51 
18 33 9 
8 35 34 
29 59 30 
48 40 58 
64 9 36 
17 62 68 
22 63 37 
7 26 6 
54 1 28 
30 59 32 
66 42 6 
6 41 8 
7 34 29 
24 11 64 
24 42 5 
52 17 51 
54 32 22 
16 11 46 
16 15 11 
37 15 40 
7 6 37 
13 5 53 
33 65 38 
52 28 51 
26 33 30 
11 25 1 
54 25 27 
57 27 61 
18 23 31 
14 59 42 
64 4 44 
20 12 64 
38 40 57 
29 52 66 
61 41 67 
60 5 57 
39 65 29 
66 62 21 
45 14 65 
15 1 34 
36 12 56 
54 13 29 
28 25 33 
62 65 56 
7 23 48 
14 40 34 
13 42 37 
39 49 52 
32 54 57 
45 18 35 
55 46 14 
4 42 68 
43 4 50 
1 62 9 
25 26 28 
29 51 32 
49 59 28 
13 17 44 
63 6 2 
9 6 46 
17 3 4 
68 21 18 
16 20 39 
62 47 7 
49 61 52 
13 21 8 
11 3 51 
7 51 12 
20 50 25 
37 32 26 
20 67 12 
61 68 63 
2 62 14 
30 38 48 
58 27 25 
27 62 15 
45 48 68 
43 27 28 
42 40 56 
7 1 2 
58 47 9 
27 33 2 
28 4 63 
42 20 59 
55 45 18 
17 9 1 
45 33 30 
52 51 37 
5 57 11 
19 25 8 
24 7 57 
45 28 34 
13 26 23 
38 63 3 
12 33 32 
12 34 31 
1 3 4 
65 21 30 
19 5 21 
4 51 57 
57 6 45 
68 7 51 
17 56 38 
20 15 17 
23 43 64 
54 11 37 
64 41 17 
21 14 62 
4 46 34 
16 22 18 
7 66 17 
13 15 17 
1 11 12 
14 51 29 
12 46 54 
38 34 53 
68 16 30 
39 33 22 
24 46 15 
10 17 32 
59 14 61 
67 8 4 
57 19 33 
27 57 29 
66 51 61 
19 12 17 
57 39 56 
20 11 2 
64 24 37 
18 15 24 
64 16 39 
29 67 66 
19 18 22 
54 40 59 
30 9 42 
44 10 18 
27 22 33 
18 43 11 
39 53 32 
20 26 5 
10 44 55 
18 47 23 
39 5 34 
32 13 5 
9 7 4 
48 13 22 
66 55 22 
64 67 47 
31 21 24 
5 64 21 
10 47 4 
21 14 33 
3 67 19 
62 63 49 
38 61 53 
6 5 42 
14 66 21 
6 39 60 
52 56 59 
14 5 8 
43 27 17 
27 46 44 
38 26 15 
44 42 5 
44 39 8 
56 65 44 
6 35 27 
20 26 37 
