500
17 39 25 
20 45 30 
2 18 14 
29 65 39 
6 7 26 
53 17 55 
5 28 29 
57 29 27 
36 62 61 
3 5 26 
51 8 22 
14 61 63 
12 46 54 
46 4 34 
25 65 16 
60 39 6 
32 47 66 
4 40 41 
42 38 52 
6 65 41 
47 33 10 
32 57 54 
47 35 4 
13 23 38 
55 65 8 
9 13 27 
52 3 1 
1 23 64 
40 41 51 
11 12 1 
54 22 32 
33 37 62 
52 64 55 
25 58 27 
3 41 12 
68 13 16 
19 5 50 
54 25 27 
36 21 9 
4 44 64 
54 43 66 
68 39 29 
15 12 63 
28 8 24 
54 68 11 
37 63 22 
22 68 60 
61 53 38 
46 60 67 
29 26 28 
12 20 15 
3 12 7 
35 7 45 
15 20 26 
18 31 16 
27 24 58 
20 42 59 
47 4 10 
16 49 46 
9 40 10 
15 1 24 
49 39 52 
25 8 11 
65 56 62 
12 31 22 
18 33 9 
43 40 21 
4 1 3 
43 22 61 
14 21 66 
43 60 22 
53 32 39 
8 67 4 
16 28 62 
59 30 29 
66 15 37 
16 52 64 
23 67 5 
42 60 13 
64 6 25 
37 26 32 
48 29 11 
2 16 30 
39 57 56 
31 59 65 
62 11 37 
35 33 38 
60 28 26 
36 57 54 
64 21 5 
50 4 43 
15 17 13 
47 13 6 
16 46 11 
41 19 48 
42 62 65 
1 34 15 
24 13 55 
56 44 35 
12 39 37 
30 14 1 
20 50 25 
30 48 38 
50 62 14 
51 52 28 
19 39 31 
66 2 41 
66 24 47 
46 27 44 
28 10 21 
26 29 51 
61 59 14 
7 12 51 
67 60 29 
41 44 46 
54 44 19 
9 33 59 
37 7 6 
52 13 58 
49 62 25 
6 63 2 
48 15 30 
30 12 65 
23 32 66 
59 50 3 
51 29 32 
66 41 24 
39 36 44 
11 65 14 
11 35 60 
4 17 3 
63 49 62 
64 66 11 
22 31 7 
9 2 40 
51 39 24 
31 40 56 
57 66 55 
14 21 13 
9 36 64 
27 8 32 
54 13 29 
48 12 8 
39 8 44 
28 62 53 
16 22 15 
10 44 18 
3 63 38 
40 13 61 
25 46 7 
42 39 27 
34 45 10 
15 11 16 
46 44 61 
6 13 48 
28 25 26 
17 15 20 
49 55 6 
51 52 37 
28 38 34 
6 31 21 
48 52 35 
7 32 17 
1 7 2 
16 55 12 
62 15 27 
43 22 68 
28 49 59 
35 8 34 
26 7 10 
4 42 68 
37 50 3 
38 65 33 
45 68 52 
60 66 2 
45 18 55 
52 56 59 
17 27 43 
12 17 4 
51 33 66 
8 3 32 
60 64 15 
47 23 65 
46 34 27 
47 27 48 
43 28 27 
38 15 22 
30 22 55 
4 58 43 
42 44 33 
4 25 27 
4 56 26 
21 18 65 
64 44 19 
53 29 17 
33 22 39 
44 10 55 
19 3 67 
51 31 34 
45 61 40 
20 26 37 
17 19 12 
29 66 52 
15 46 24 
46 62 32 
62 10 22 
10 23 26 
41 44 64 
48 58 40 
31 33 9 
38 26 15 
24 41 54 
26 59 10 
26 66 55 
67 51 1 
12 58 1 
28 7 34 
4 15 25 
42 6 5 
18 16 22 
50 3 44 
35 27 6 
26 15 3 
36 4 5 
5 17 62 
64 31 30 
65 56 44 
42 34 15 
5 11 57 
44 48 11 
7 68 57 
8 41 6 
47 45 27 
1 28 54 
57 51 17 
35 50 17 
60 68 40 
41 36 67 
53 34 38 
9 6 46 
36 25 10 
30 26 33 
59 8 45 
28 60 53 
63 61 68 
20 39 16 
19 8 22 
67 48 60 
41 37 11 
23 18 31 
68 21 18 
55 22 66 
50 46 33 
11 10 39 
32 6 67 
12 20 11 
57 33 19 
53 21 49 
42 4 13 
66 29 4 
34 31 12 
26 12 6 
59 19 35 
26 23 13 
51 3 54 
8 19 25 
34 39 5 
27 2 33 
24 15 18 
57 45 49 
21 66 62 
22 60 45 
8 49 54 
2 17 14 
56 31 57 
44 46 51 
53 40 60 
46 65 49 
28 25 33 
25 16 32 
6 42 66 
54 45 43 
45 65 14 
54 22 10 
61 49 52 
41 36 65 
57 38 40 
9 58 47 
44 49 26 
62 14 2 
24 18 20 
59 14 42 
4 63 28 
42 47 50 
6 68 59 
54 59 65 
4 33 35 
10 32 17 
59 22 35 
34 14 40 
21 56 8 
27 33 22 
49 51 63 
13 37 42 
19 21 5 
36 56 12 
47 7 46 
22 5 46 
27 15 22 
53 52 58 
51 32 38 
25 34 64 
11 45 15 
64 43 23 
11 24 64 
41 61 67 
9 2 10 
27 25 8 
51 29 14 
29 66 67 
21 65 30 
54 6 2 
59 30 32 
12 42 50 
65 46 64 
68 16 30 
48 49 53 
26 11 13 
18 43 68 
18 45 35 
17 13 67 
17 13 39 
28 14 45 
28 45 34 
47 65 36 
16 32 43 
35 8 22 
48 13 22 
53 48 28 
14 41 3 
43 11 18 
4 7 47 
16 39 64 
64 17 41 
27 39 38 
68 10 35 
9 36 57 
13 23 11 
24 41 62 
42 14 3 
4 34 57 
11 37 54 
13 53 14 
3 11 51 
9 30 42 
20 67 12 
56 5 44 
1 17 9 
21 16 40 
3 24 25 
48 7 23 
66 1 23 
8 24 37 
47 21 20 
10 50 21 
4 24 5 
62 30 1 
11 14 62 
50 58 57 
17 63 49 
52 20 55 
44 13 17 
55 19 65 
13 53 5 
46 66 54 
10 45 43 
18 22 19 
13 52 48 
25 67 9 
2 20 11 
22 31 51 
47 63 8 
15 58 6 
57 14 3 
25 13 32 
48 34 5 
66 17 7 
22 26 54 
11 12 28 
39 32 63 
41 30 63 
54 7 42 
2 15 7 
51 36 48 
32 33 36 
64 2 28 
47 7 62 
56 26 45 
7 24 57 
24 37 64 
33 65 52 
48 62 61 
2 23 8 
10 61 4 
18 58 13 
3 53 59 
21 23 17 
22 40 2 
2 25 43 
24 22 1 
53 34 62 
21 14 33 
51 66 61 
46 55 14 
61 27 57 
62 36 14 
18 67 23 
40 60 4 
57 9 51 
32 49 23 
28 14 33 
2 15 66 
51 49 36 
37 45 12 
42 5 44 
52 11 28 
63 36 51 
1 15 51 
21 31 24 
14 58 23 
7 9 66 
18 23 47 
61 60 26 
38 58 9 
33 45 30 
33 45 41 
57 60 5 
11 18 16 
12 58 20 
52 41 58 
48 45 68 
66 27 12 
12 33 32 
28 13 31 
6 45 57 
23 45 44 
59 54 40 
47 9 32 
48 16 7 
27 21 7 
17 68 62 
33 39 11 
10 24 12 
50 47 38 
19 28 47 
15 3 19 
25 11 1 
7 3 21 
5 14 8 
14 21 62 
59 20 56 
41 2 32 
57 4 51 
7 9 4 
16 9 23 
35 65 17 
38 26 45 
64 4 66 
4 61 12 
7 20 6 
51 48 30 
12 21 57 
51 7 68 
67 64 47 
20 2 39 
29 34 7 
5 24 42 
37 19 11 
62 4 34 
47 27 60 
5 20 26 
37 40 15 
62 9 1 
59 57 13 
17 56 38 
52 50 62 
62 23 7 
54 30 9 
51 17 52 
62 31 14 
56 40 42 
49 60 10 
19 3 40 
12 20 64 
13 5 32 
26 58 52 
38 45 57 
13 8 21 
6 8 60 
42 35 25 
