5000
34 10 20 
33 71 83 
10 68 18 
60 31 39 
28 47 19 
30 45 32 
20 16 68 
22 63 69 
13 18 58 
93 11 91 
62 20 7 
16 46 67 
52 66 29 
22 85 81 
68 70 82 
8 92 24 
46 7 25 
80 6 83 
62 27 87 
95 30 21 
99 16 52 
69 65 31 
95 45 31 
97 56 46 
58 66 62 
62 76 36 
5 24 44 
93 4 15 
25 89 98 
56 19 50 
14 95 65 
22 88 53 
63 99 22 
28 38 34 
81 36 70 
7 67 75 
48 71 97 
33 14 21 
36 15 16 
81 76 12 
100 89 92 
77 26 13 
33 30 26 
40 94 3 
3 84 38 
52 16 93 
30 20 45 
59 20 56 
69 98 24 
90 57 89 
27 65 28 
22 48 99 
33 81 26 
17 12 4 
57 94 84 
33 13 74 
50 59 75 
80 85 19 
4 13 42 
56 73 91 
39 22 13 
34 19 74 
60 40 69 
1 50 33 
73 53 86 
28 1 34 
72 93 54 
12 28 11 
40 48 97 
33 3 34 
58 70 22 
66 41 24 
97 39 20 
97 65 64 
50 87 55 
35 86 68 
2 63 75 
48 61 28 
88 9 10 
29 66 50 
88 64 31 
12 8 27 
2 7 15 
73 47 53 
98 86 48 
26 46 64 
89 60 8 
81 19 76 
1 29 19 
43 99 25 
14 29 51 
91 19 14 
82 35 67 
82 45 96 
22 96 33 
26 3 15 
16 61 100 
99 51 25 
94 26 65 
8 41 6 
68 31 60 
51 94 86 
76 73 5 
92 56 53 
8 4 29 
39 76 1 
13 21 71 
58 22 49 
83 21 57 
42 26 82 
42 20 59 
42 47 50 
87 97 15 
5 84 88 
73 56 28 
17 65 38 
56 50 11 
53 3 66 
95 38 43 
84 67 70 
98 72 92 
19 74 5 
44 95 77 
70 17 15 
90 76 96 
32 57 72 
15 62 27 
95 45 49 
96 37 81 
98 57 82 
1 28 54 
90 31 92 
67 27 11 
8 30 42 
25 100 2 
77 72 12 
54 63 61 
27 61 22 
80 16 84 
3 17 76 
79 14 12 
31 17 22 
68 63 61 
42 33 77 
46 80 27 
61 57 59 
48 90 77 
56 58 5 
78 86 68 
15 94 40 
20 69 29 
63 8 47 
43 78 62 
57 50 58 
17 95 20 
76 82 57 
30 74 40 
4 49 12 
91 68 34 
75 36 61 
16 20 7 
83 54 2 
74 45 73 
88 50 84 
3 39 47 
49 2 88 
54 43 45 
11 75 36 
84 72 18 
10 7 82 
90 46 47 
40 2 22 
57 61 94 
31 80 41 
70 31 24 
36 75 5 
86 40 46 
37 79 16 
13 14 53 
31 24 45 
33 94 4 
36 11 17 
50 8 74 
44 83 87 
91 26 28 
9 2 10 
40 13 19 
60 83 80 
25 78 58 
90 36 12 
40 8 44 
82 70 15 
78 70 11 
6 9 46 
13 14 70 
8 6 90 
73 59 68 
35 15 45 
40 79 54 
64 27 66 
19 93 62 
7 22 31 
76 65 54 
78 94 91 
5 51 61 
1 88 99 
59 1 62 
28 98 67 
100 38 90 
50 63 96 
100 88 70 
46 14 55 
10 4 72 
35 92 22 
66 77 61 
72 47 23 
20 94 44 
99 93 55 
78 14 95 
2 41 8 
63 4 28 
63 86 33 
8 5 85 
9 25 46 
68 66 90 
39 29 94 
67 46 10 
16 30 66 
49 66 81 
4 67 8 
75 83 78 
78 36 2 
77 72 93 
54 41 38 
79 77 40 
21 33 51 
20 99 22 
26 69 56 
43 73 14 
90 38 51 
40 57 41 
74 68 8 
66 7 17 
10 24 14 
76 96 94 
18 80 59 
7 39 98 
87 91 100 
11 94 57 
18 7 3 
91 52 79 
2 89 75 
26 37 32 
31 16 5 
68 66 72 
65 98 40 
47 70 45 
42 69 75 
95 56 4 
45 29 38 
39 49 52 
58 93 13 
54 65 59 
69 71 94 
65 77 42 
7 82 96 
51 92 9 
58 91 47 
78 25 74 
99 97 58 
9 22 12 
27 12 2 
49 10 51 
25 96 58 
86 41 47 
45 70 88 
8 1 81 
18 92 2 
75 85 19 
72 49 19 
16 62 96 
33 30 10 
52 19 40 
38 85 11 
69 72 68 
98 43 18 
17 64 10 
93 96 22 
82 72 47 
18 66 92 
58 32 78 
24 65 37 
3 96 29 
66 59 70 
10 72 19 
58 27 62 
64 21 55 
54 22 26 
91 68 17 
85 57 66 
61 56 59 
48 8 18 
4 43 10 
52 41 25 
36 57 54 
87 88 95 
58 77 27 
95 46 27 
91 23 81 
77 29 22 
29 1 79 
59 46 71 
76 12 18 
3 73 31 
15 14 4 
61 49 70 
66 9 99 
78 29 69 
67 41 60 
78 8 32 
49 34 39 
88 65 23 
51 78 53 
38 18 62 
5 6 91 
30 47 25 
45 58 73 
36 12 14 
17 46 86 
49 21 22 
34 19 12 
8 36 10 
21 77 49 
53 59 36 
10 21 65 
65 91 32 
28 62 22 
8 89 50 
36 41 67 
19 64 10 
74 56 25 
15 43 26 
94 34 62 
11 14 65 
75 61 9 
78 21 29 
16 68 30 
91 53 77 
39 1 46 
87 78 35 
98 8 48 
98 42 27 
44 53 99 
12 24 97 
85 38 89 
59 24 79 
66 11 87 
1 32 77 
81 59 23 
41 60 49 
98 79 58 
83 96 49 
29 89 75 
70 37 14 
78 42 76 
80 78 37 
87 29 16 
64 60 15 
40 84 42 
16 32 25 
87 26 27 
85 16 67 
8 78 48 
74 68 38 
84 100 41 
43 38 48 
14 11 100 
48 93 71 
72 64 37 
58 12 20 
89 34 71 
100 56 98 
73 60 41 
67 39 18 
2 53 64 
16 15 22 
35 50 33 
43 41 39 
87 4 84 
58 52 41 
42 19 26 
78 74 1 
19 4 12 
7 12 51 
98 3 90 
29 65 45 
80 13 69 
85 46 8 
36 27 74 
12 37 45 
86 6 31 
8 30 88 
60 8 45 
10 95 6 
76 17 23 
52 70 20 
44 94 32 
46 29 91 
50 13 57 
62 88 98 
95 43 49 
73 92 63 
95 93 45 
40 59 54 
3 84 16 
10 49 60 
8 95 1 
88 7 91 
12 44 72 
63 42 9 
50 57 39 
9 76 41 
58 49 80 
17 9 7 
25 76 41 
3 60 90 
14 80 54 
22 65 85 
56 77 38 
44 17 13 
76 56 74 
46 68 76 
44 36 7 
48 66 83 
59 79 45 
99 12 92 
31 69 15 
54 17 59 
43 11 33 
44 26 94 
6 47 13 
10 87 90 
88 89 86 
38 83 91 
80 90 18 
5 86 76 
24 28 8 
1 42 63 
61 14 59 
84 83 97 
63 12 88 
98 46 38 
66 31 9 
38 76 20 
53 70 9 
21 81 17 
34 88 52 
60 12 38 
34 8 35 
24 20 18 
1 72 79 
16 89 8 
73 63 6 
31 100 16 
25 92 73 
29 15 94 
44 18 51 
29 59 30 
13 67 75 
80 89 12 
82 63 16 
100 99 34 
91 15 68 
13 80 94 
61 78 51 
31 1 12 
84 97 86 
36 29 4 
83 52 7 
98 26 33 
87 75 94 
96 24 75 
27 69 45 
87 40 34 
37 18 46 
78 86 18 
80 13 3 
13 88 43 
44 19 57 
90 94 57 
87 94 89 
28 14 45 
6 67 73 
63 43 71 
91 8 34 
18 84 47 
23 48 87 
38 14 83 
71 19 37 
68 45 48 
30 70 96 
80 49 62 
27 40 11 
81 97 10 
54 46 12 
16 17 48 
43 14 89 
30 83 20 
99 44 60 
16 86 13 
77 66 71 
57 3 77 
86 94 99 
8 5 52 
37 48 16 
76 10 5 
19 41 87 
29 68 77 
100 59 29 
91 24 73 
39 24 15 
46 42 100 
25 82 27 
100 14 52 
95 15 56 
100 93 58 
68 61 65 
23 99 14 
11 74 23 
45 43 88 
22 61 81 
39 97 86 
54 76 79 
21 55 31 
22 61 42 
56 51 18 
26 10 23 
56 36 12 
3 38 63 
78 69 75 
12 59 64 
26 64 18 
56 85 87 
92 45 66 
49 70 53 
78 27 18 
85 64 10 
59 93 67 
34 94 89 
22 83 33 
16 40 26 
3 84 7 
38 49 72 
73 55 23 
99 86 35 
75 9 98 
10 36 87 
1 81 55 
7 57 68 
23 46 36 
24 9 52 
45 30 38 
9 71 14 
3 13 69 
42 26 25 
87 6 39 
35 42 16 
76 41 75 
47 67 64 
73 97 90 
6 64 19 
33 57 19 
88 13 21 
71 32 18 
41 21 48 
90 20 84 
44 53 12 
12 77 37 
76 67 16 
33 73 84 
74 23 62 
83 58 67 
26 99 43 
9 34 29 
32 42 90 
85 36 42 
16 22 18 
90 82 45 
60 6 8 
84 71 46 
87 80 68 
59 96 33 
100 15 70 
71 92 85 
44 5 26 
2 85 25 
95 94 34 
42 5 31 
19 96 85 
77 8 32 
100 55 19 
22 80 51 
100 91 42 
41 11 96 
66 93 36 
29 31 25 
40 44 98 
78 72 40 
57 93 52 
100 72 19 
98 62 81 
82 72 31 
38 33 35 
81 58 10 
1 21 25 
80 89 46 
64 98 69 
3 49 98 
31 96 30 
98 3 94 
90 41 84 
19 92 37 
35 20 75 
70 10 44 
74 82 79 
16 62 28 
36 76 14 
100 25 61 
92 68 17 
20 58 84 
25 32 20 
88 92 12 
6 49 60 
97 5 67 
87 46 17 
34 22 10 
60 17 29 
17 90 16 
87 18 38 
90 85 16 
44 33 34 
16 99 80 
92 75 91 
16 47 30 
31 36 51 
9 36 54 
93 15 27 
89 57 65 
36 9 64 
97 70 46 
35 76 60 
39 20 29 
88 35 94 
95 57 4 
90 42 86 
78 77 22 
25 78 88 
60 10 45 
54 39 25 
71 36 93 
27 1 85 
50 90 60 
46 50 19 
30 55 74 
58 45 15 
12 14 75 
34 35 72 
74 92 76 
42 4 76 
14 54 97 
7 79 38 
51 22 8 
44 51 46 
51 91 52 
67 97 87 
62 56 76 
44 27 46 
53 60 81 
27 45 72 
17 38 45 
42 6 5 
40 77 53 
90 97 37 
39 37 61 
88 70 38 
52 46 34 
87 39 10 
81 94 49 
17 15 74 
46 78 88 
17 65 79 
39 75 3 
26 7 83 
3 44 93 
8 49 90 
14 65 92 
43 78 52 
14 54 56 
10 21 88 
75 89 71 
22 29 18 
76 39 90 
46 32 84 
10 37 49 
66 4 45 
53 47 78 
53 79 39 
90 96 72 
39 20 16 
23 67 5 
63 19 8 
35 84 30 
6 70 64 
82 21 63 
62 55 90 
2 89 77 
46 50 33 
25 11 53 
96 40 77 
2 16 30 
75 67 10 
76 52 69 
69 66 85 
35 48 52 
23 73 12 
69 98 11 
91 62 97 
19 24 51 
86 35 96 
75 61 54 
93 89 16 
67 1 48 
82 35 72 
8 27 13 
68 31 49 
87 96 37 
80 69 24 
15 75 77 
3 7 100 
2 98 66 
30 22 55 
96 58 70 
67 46 55 
53 62 49 
94 60 54 
36 33 17 
52 87 18 
27 7 48 
39 81 11 
94 96 90 
97 52 34 
62 82 76 
3 5 26 
30 100 14 
8 19 76 
54 46 19 
89 2 52 
75 68 42 
62 10 22 
97 78 19 
13 9 97 
75 58 67 
85 92 14 
78 73 48 
9 84 99 
57 87 10 
39 89 42 
62 22 97 
29 20 45 
43 13 36 
24 82 25 
34 99 11 
33 50 39 
90 32 39 
44 36 18 
76 100 35 
60 45 22 
9 26 29 
12 64 20 
13 68 11 
82 63 67 
52 2 41 
49 56 98 
46 37 65 
14 55 16 
77 72 66 
9 28 60 
42 67 74 
80 65 71 
65 22 10 
33 21 37 
67 10 55 
80 85 81 
81 72 63 
66 29 93 
83 47 29 
64 51 99 
2 81 26 
45 57 49 
91 97 78 
63 33 44 
13 79 25 
5 83 20 
95 92 84 
39 49 58 
54 25 34 
100 47 50 
52 2 88 
14 89 22 
6 20 48 
53 5 13 
54 31 3 
87 29 36 
18 72 68 
48 22 24 
28 18 35 
6 15 58 
34 19 59 
59 58 6 
29 84 99 
99 32 51 
97 26 22 
73 51 36 
89 72 44 
37 6 8 
43 53 73 
91 96 57 
62 97 27 
54 4 28 
28 14 85 
39 91 2 
67 32 27 
3 10 25 
47 48 32 
24 42 52 
10 47 4 
80 10 1 
64 93 20 
26 46 90 
8 49 54 
46 94 100 
54 10 22 
58 14 53 
45 19 65 
89 97 5 
4 14 2 
99 48 12 
52 66 72 
60 14 19 
63 99 55 
26 24 21 
93 17 34 
35 74 26 
95 52 18 
95 45 11 
77 98 27 
31 25 34 
9 36 44 
18 70 53 
63 26 71 
45 81 36 
65 64 46 
44 38 88 
8 5 28 
49 84 93 
42 59 14 
66 23 1 
33 13 31 
46 70 66 
5 3 97 
67 28 22 
30 12 65 
35 63 76 
54 11 80 
47 54 82 
23 88 59 
69 72 44 
11 59 46 
82 84 49 
55 65 1 
73 50 40 
39 85 87 
30 37 71 
66 31 17 
7 6 9 
69 62 18 
63 39 98 
95 86 73 
93 74 91 
74 85 54 
6 43 32 
7 81 43 
59 87 1 
97 22 80 
86 58 40 
43 22 61 
6 91 89 
45 18 81 
56 21 51 
61 71 65 
96 62 73 
76 89 38 
23 91 86 
80 37 71 
89 3 71 
91 96 18 
89 51 15 
73 98 64 
91 28 25 
13 59 84 
87 51 84 
32 72 13 
84 100 74 
84 8 62 
9 52 3 
96 19 9 
59 79 15 
1 73 76 
9 96 44 
32 68 36 
16 83 23 
99 55 1 
90 10 51 
16 70 66 
74 59 68 
24 62 45 
36 30 88 
77 85 20 
49 52 95 
5 20 13 
19 24 48 
55 80 10 
48 31 59 
28 62 89 
7 38 5 
80 53 62 
78 22 64 
7 57 24 
56 26 45 
19 95 6 
78 72 81 
82 11 96 
36 55 100 
36 73 7 
7 45 35 
40 10 94 
81 32 89 
15 24 1 
62 60 18 
1 44 97 
97 47 30 
63 10 48 
26 7 1 
85 74 96 
45 73 5 
80 1 89 
61 27 57 
46 57 31 
14 41 3 
100 10 65 
20 7 1 
25 2 57 
1 38 2 
2 46 95 
44 68 33 
1 6 20 
72 12 54 
7 23 48 
96 61 19 
77 29 15 
4 68 18 
38 33 65 
36 93 68 
68 62 99 
7 16 70 
91 8 27 
10 35 15 
66 24 95 
68 45 55 
35 99 64 
43 7 78 
84 53 74 
13 89 33 
97 44 66 
51 91 45 
10 2 29 
52 88 23 
39 35 76 
7 19 40 
42 50 12 
24 7 64 
30 96 87 
78 66 61 
79 93 18 
25 78 41 
22 74 15 
49 13 26 
29 70 82 
91 50 83 
36 2 50 
64 52 14 
70 7 23 
63 10 14 
37 9 8 
1 12 14 
37 15 5 
39 35 77 
3 76 54 
72 11 47 
24 41 54 
94 69 58 
23 87 95 
38 94 90 
80 54 84 
1 15 34 
13 42 37 
60 13 66 
86 55 19 
23 32 49 
72 12 59 
11 45 14 
25 2 61 
43 80 41 
30 37 86 
88 1 6 
71 49 19 
75 20 89 
97 15 54 
13 75 88 
2 98 19 
62 36 87 
40 22 75 
83 55 5 
61 75 94 
28 53 48 
32 94 34 
90 83 76 
56 38 17 
5 44 38 
73 14 48 
35 19 72 
64 66 32 
80 45 79 
13 10 47 
22 21 23 
79 89 75 
52 12 40 
40 2 9 
60 90 32 
25 15 38 
38 35 30 
56 15 47 
4 8 44 
75 37 65 
41 71 89 
3 88 40 
18 67 89 
5 78 44 
47 66 35 
36 19 16 
52 42 63 
62 2 14 
92 52 61 
65 24 5 
37 24 64 
71 86 18 
75 65 25 
79 46 85 
43 55 54 
74 95 70 
43 28 44 
81 46 60 
93 44 90 
18 32 51 
11 15 16 
14 98 77 
31 26 96 
79 99 68 
40 78 24 
67 74 81 
38 72 76 
48 71 66 
46 30 9 
57 26 66 
18 24 60 
35 92 30 
52 19 79 
64 12 71 
52 17 79 
18 42 38 
46 96 8 
88 89 55 
2 83 34 
10 59 83 
22 56 92 
82 47 62 
87 38 21 
49 2 76 
76 44 73 
30 48 86 
36 82 40 
16 86 91 
32 82 22 
18 56 71 
49 45 33 
14 99 18 
93 92 75 
31 70 55 
44 35 11 
77 99 6 
60 26 17 
47 33 3 
84 74 39 
56 24 75 
76 73 9 
85 89 90 
79 4 19 
17 25 39 
84 94 41 
79 95 52 
98 40 41 
36 74 78 
96 58 73 
25 31 91 
16 91 100 
34 4 62 
38 83 35 
24 75 44 
61 66 53 
95 32 89 
27 81 90 
85 63 47 
29 17 31 
56 66 8 
30 59 27 
42 22 13 
19 53 40 
56 18 25 
46 97 100 
10 74 29 
34 25 64 
78 26 21 
73 48 27 
23 92 9 
69 67 13 
17 12 81 
44 96 99 
100 68 90 
24 59 16 
64 52 28 
81 71 89 
19 7 74 
16 74 24 
90 69 86 
86 30 24 
47 46 4 
19 85 3 
43 75 34 
22 27 18 
10 85 99 
92 62 57 
40 57 46 
9 75 47 
21 97 64 
78 74 6 
19 65 55 
95 37 30 
5 37 86 
68 86 22 
91 15 77 
46 87 56 
3 56 82 
18 35 95 
16 72 68 
73 1 86 
39 25 84 
100 67 24 
7 35 97 
95 13 51 
58 9 23 
52 16 70 
44 27 31 
59 93 22 
47 37 29 
42 38 81 
42 33 53 
57 93 13 
3 50 24 
5 4 24 
44 87 67 
29 42 72 
93 89 49 
70 39 85 
66 46 18 
15 24 46 
45 14 65 
53 60 37 
99 9 88 
84 64 70 
72 21 64 
5 92 74 
18 22 34 
81 92 93 
14 55 67 
4 88 47 
97 66 23 
12 50 83 
100 14 50 
37 33 62 
53 15 50 
72 42 23 
1 86 64 
99 97 29 
42 4 68 
49 51 29 
82 58 70 
39 12 37 
38 26 65 
52 81 23 
38 93 68 
68 66 10 
80 90 4 
35 5 88 
59 99 68 
56 62 65 
19 90 71 
78 3 13 
50 51 12 
34 65 16 
4 55 15 
60 20 63 
79 57 89 
3 12 7 
17 88 86 
71 98 17 
34 72 3 
36 91 41 
13 21 8 
8 35 49 
64 52 55 
73 19 83 
19 5 50 
79 74 17 
56 26 4 
39 42 36 
12 31 95 
25 55 95 
42 52 85 
93 86 85 
95 80 40 
37 82 12 
4 86 7 
11 89 88 
14 76 97 
16 77 48 
10 43 64 
2 68 100 
4 27 25 
35 81 80 
91 85 53 
68 71 35 
66 24 46 
63 49 21 
88 61 75 
72 40 54 
10 22 44 
95 47 35 
16 84 53 
18 10 74 
7 20 86 
99 88 69 
40 94 1 
88 36 71 
96 31 71 
75 66 55 
65 90 15 
60 78 12 
83 71 18 
66 15 37 
21 32 9 
66 43 19 
69 38 65 
80 64 13 
55 2 88 
42 44 1 
41 83 79 
83 67 89 
41 20 53 
98 8 45 
43 96 25 
65 18 21 
64 11 66 
53 63 50 
91 82 59 
29 9 31 
27 47 50 
84 76 32 
99 57 10 
46 44 61 
14 2 49 
35 22 75 
37 3 100 
47 78 5 
70 25 86 
24 70 92 
27 35 63 
50 73 76 
6 2 22 
32 9 92 
27 48 16 
93 6 29 
37 55 89 
46 80 44 
52 53 83 
47 86 93 
64 77 15 
86 84 9 
42 24 5 
68 15 90 
11 21 20 
48 72 82 
79 61 71 
79 44 99 
64 81 96 
12 43 4 
36 68 17 
94 12 23 
7 86 80 
25 19 8 
99 83 13 
22 36 90 
76 25 100 
48 8 12 
69 18 8 
88 12 23 
75 64 22 
95 35 53 
93 30 16 
75 29 83 
6 35 31 
43 47 97 
39 4 30 
84 22 94 
84 88 70 
41 91 12 
100 35 56 
55 54 75 
32 43 16 
17 49 63 
36 91 64 
23 44 45 
1 31 70 
63 67 68 
75 90 4 
97 80 13 
90 80 69 
5 36 4 
74 58 24 
64 11 43 
2 21 77 
51 77 30 
52 80 14 
33 71 69 
29 54 86 
31 34 86 
81 37 65 
47 5 38 
52 23 75 
23 86 73 
1 64 42 
42 77 40 
29 10 94 
78 58 95 
92 5 54 
48 51 36 
46 11 79 
60 41 39 
30 75 4 
29 92 74 
82 38 68 
35 62 10 
75 37 92 
35 18 73 
8 7 24 
34 92 85 
82 84 80 
92 56 21 
27 66 63 
69 26 6 
22 59 35 
82 10 75 
27 42 39 
54 72 70 
67 1 51 
9 79 50 
88 20 12 
44 24 25 
37 100 75 
37 4 96 
53 87 52 
70 87 48 
24 17 61 
74 66 100 
5 3 47 
75 50 68 
56 78 13 
73 7 60 
70 85 54 
28 53 19 
81 58 35 
95 80 42 
81 35 71 
50 1 8 
86 97 58 
88 69 20 
85 28 48 
19 99 71 
5 26 46 
100 96 82 
20 36 60 
82 21 71 
93 85 12 
9 55 10 
14 78 42 
78 55 86 
54 48 26 
4 82 9 
58 25 79 
72 36 52 
80 61 10 
29 75 58 
45 49 98 
15 20 26 
98 87 63 
59 49 95 
21 68 18 
41 82 34 
6 42 66 
68 35 66 
63 32 26 
78 6 69 
19 11 67 
32 3 34 
14 85 19 
57 22 65 
94 38 59 
54 35 75 
20 11 12 
52 28 51 
24 2 57 
31 20 9 
87 7 32 
95 89 38 
34 4 75 
2 90 74 
32 2 99 
22 100 87 
94 52 68 
22 70 82 
7 90 74 
62 20 91 
57 83 76 
34 17 25 
75 62 13 
82 2 72 
62 95 57 
39 70 81 
75 33 90 
48 51 47 
15 69 45 
11 41 15 
60 4 37 
13 20 40 
47 8 99 
29 68 39 
40 19 3 
79 20 72 
7 8 96 
3 89 44 
41 19 35 
64 44 66 
21 64 5 
51 29 26 
71 42 90 
45 89 40 
4 5 62 
24 55 13 
88 56 77 
16 80 30 
90 39 58 
41 51 40 
82 57 99 
37 42 64 
15 3 71 
49 25 12 
39 59 64 
40 53 7 
80 22 24 
62 48 61 
86 81 65 
38 86 75 
21 31 33 
42 32 94 
91 86 21 
99 87 75 
98 22 82 
4 5 66 
4 67 1 
16 10 73 
7 1 21 
53 65 28 
94 73 32 
88 83 33 
5 89 25 
15 27 23 
90 53 49 
75 74 33 
60 30 1 
23 68 22 
20 71 70 
59 77 32 
90 58 50 
44 100 26 
67 100 79 
9 77 56 
92 39 60 
65 95 71 
11 29 71 
69 23 14 
89 64 67 
30 9 80 
80 19 64 
23 58 86 
14 68 45 
77 55 74 
78 29 36 
50 96 7 
75 67 12 
72 23 36 
65 90 53 
42 29 99 
94 33 72 
50 47 38 
78 32 31 
89 60 74 
95 98 97 
82 68 15 
47 36 65 
31 78 94 
54 24 15 
69 41 72 
37 82 87 
100 66 61 
84 56 4 
31 39 54 
65 25 4 
100 15 99 
52 70 15 
63 61 67 
30 2 43 
12 16 88 
78 34 72 
5 27 23 
5 79 23 
79 66 90 
96 63 74 
80 26 59 
57 89 98 
30 64 96 
99 59 16 
45 96 57 
7 66 82 
51 2 57 
34 15 42 
61 71 4 
1 73 32 
82 54 8 
50 76 3 
46 12 26 
16 12 92 
41 33 37 
28 81 48 
20 79 45 
35 65 16 
62 77 78 
28 21 74 
56 78 58 
30 43 14 
64 86 40 
56 4 78 
30 2 25 
27 75 5 
43 35 88 
11 100 27 
1 76 35 
49 20 79 
56 40 42 
97 14 49 
1 7 75 
98 53 46 
61 69 41 
71 72 89 
47 39 13 
83 44 32 
90 42 8 
26 19 69 
67 72 3 
28 17 31 
78 68 85 
56 40 57 
75 91 95 
80 61 49 
81 42 84 
80 90 51 
19 6 74 
39 82 91 
51 76 81 
49 52 58 
58 39 15 
34 23 84 
74 39 64 
94 9 76 
52 48 79 
64 73 71 
41 57 23 
1 13 18 
55 22 66 
9 94 35 
58 73 89 
98 15 43 
78 35 20 
39 100 33 
27 81 32 
77 14 33 
96 8 14 
18 71 67 
75 93 4 
98 42 86 
56 15 17 
42 12 27 
44 23 10 
9 55 2 
15 94 58 
97 78 10 
58 65 80 
22 38 15 
72 50 90 
38 82 81 
87 28 97 
78 1 65 
40 72 94 
37 57 2 
29 91 42 
97 21 50 
22 9 95 
95 79 59 
47 93 64 
20 25 78 
30 36 47 
1 99 36 
58 4 41 
98 43 28 
36 21 57 
68 98 36 
50 78 11 
16 61 43 
80 82 19 
31 26 53 
27 84 14 
15 95 10 
31 12 22 
8 32 3 
58 99 66 
58 60 79 
98 62 89 
33 69 74 
35 8 48 
19 89 100 
94 73 2 
8 31 36 
10 24 12 
36 100 47 
88 75 24 
40 63 61 
41 68 25 
43 37 48 
95 90 54 
23 69 35 
73 87 45 
28 52 10 
14 23 58 
17 80 96 
85 44 6 
63 38 95 
30 52 31 
66 38 70 
24 64 89 
40 21 73 
79 16 95 
39 11 10 
38 77 33 
65 2 21 
68 15 48 
83 64 45 
40 45 98 
21 32 25 
44 73 10 
53 32 94 
24 27 58 
49 69 16 
39 7 88 
8 72 83 
95 34 50 
86 88 100 
60 40 4 
39 43 54 
95 1 49 
13 11 90 
85 46 16 
11 82 14 
7 29 36 
44 20 1 
32 96 28 
18 50 11 
85 58 64 
60 100 83 
97 40 98 
36 65 41 
85 49 60 
64 7 93 
58 9 50 
41 69 51 
29 99 69 
41 96 89 
74 86 47 
48 16 14 
44 96 85 
20 71 67 
28 43 27 
84 37 70 
54 14 33 
10 56 12 
39 98 62 
48 72 75 
14 95 69 
38 89 37 
79 32 84 
28 64 85 
97 73 10 
84 35 59 
57 88 32 
98 89 68 
87 84 34 
33 25 68 
42 4 28 
51 17 35 
42 96 37 
67 95 28 
98 55 19 
8 24 42 
32 74 41 
4 55 99 
63 39 32 
53 70 36 
71 77 98 
17 65 35 
100 96 51 
48 55 99 
10 47 83 
5 23 71 
50 3 78 
97 50 71 
96 68 41 
52 51 17 
91 73 54 
26 4 48 
21 65 43 
83 67 71 
13 23 26 
17 76 61 
30 81 15 
52 50 62 
22 99 11 
45 38 57 
9 13 30 
35 70 80 
97 77 44 
33 45 56 
21 8 99 
86 26 94 
39 34 5 
92 14 56 
39 3 17 
57 24 87 
96 97 45 
39 66 53 
33 8 62 
94 75 79 
11 16 69 
21 48 33 
11 71 15 
26 28 9 
36 35 40 
73 17 99 
20 77 60 
33 47 83 
48 49 99 
81 76 45 
18 68 19 
77 8 100 
38 96 56 
18 16 11 
43 11 73 
49 70 1 
61 53 38 
33 41 45 
72 43 3 
100 17 95 
99 24 49 
45 48 4 
44 69 92 
15 50 2 
95 24 82 
26 38 45 
15 1 14 
13 56 90 
39 55 22 
93 97 20 
41 62 24 
12 28 27 
95 51 18 
64 91 60 
34 44 98 
11 100 79 
8 64 19 
49 75 23 
50 42 91 
95 13 43 
35 55 67 
49 42 36 
82 49 57 
79 42 81 
28 94 18 
60 24 27 
36 50 5 
54 25 27 
53 55 17 
37 74 7 
9 41 95 
64 40 43 
36 100 16 
35 59 19 
66 15 2 
80 77 55 
99 2 57 
100 62 49 
10 85 16 
36 8 25 
62 43 77 
34 3 4 
22 27 33 
66 86 42 
20 22 95 
24 99 21 
99 56 47 
29 80 13 
16 69 56 
69 87 60 
53 59 3 
48 22 13 
8 9 19 
49 24 32 
53 28 62 
71 5 54 
80 76 43 
79 29 62 
42 3 74 
56 26 3 
20 52 12 
71 39 23 
62 78 39 
26 84 77 
9 62 38 
45 20 53 
47 7 62 
31 18 16 
86 34 41 
80 92 4 
40 87 71 
57 21 93 
14 99 77 
27 24 65 
72 73 45 
58 94 53 
24 66 47 
53 51 28 
53 28 60 
50 87 67 
43 59 4 
75 43 59 
78 66 4 
20 36 91 
49 37 80 
40 97 90 
91 49 77 
8 47 14 
14 5 47 
3 98 70 
56 28 35 
22 1 41 
42 88 48 
98 93 26 
61 89 88 
56 86 77 
21 17 23 
51 17 60 
4 72 28 
15 92 42 
43 71 79 
30 15 26 
7 17 80 
93 28 14 
17 10 32 
22 60 68 
13 52 23 
28 100 87 
11 54 68 
49 87 35 
22 3 47 
26 52 58 
25 94 6 
1 99 65 
6 22 24 
51 37 91 
30 99 81 
80 59 94 
42 46 49 
82 59 19 
88 71 5 
41 59 72 
3 1 4 
85 1 44 
72 87 55 
93 46 20 
53 93 64 
96 75 36 
94 77 41 
46 89 76 
86 51 11 
92 2 70 
40 61 45 
39 91 50 
95 83 21 
93 12 50 
48 80 51 
56 70 41 
40 69 76 
76 25 12 
31 3 13 
17 27 97 
98 80 56 
95 8 45 
16 26 69 
40 57 34 
14 13 21 
38 22 46 
32 62 46 
29 65 97 
9 74 96 
40 80 53 
20 61 79 
93 92 64 
80 6 15 
23 28 87 
53 91 21 
29 47 26 
1 65 84 
68 85 2 
54 70 78 
65 9 71 
81 71 17 
57 30 88 
6 7 26 
99 16 63 
55 93 19 
39 13 82 
34 57 6 
48 100 4 
13 59 30 
85 17 88 
80 44 67 
43 41 20 
82 73 61 
59 98 64 
50 59 3 
76 23 19 
40 59 67 
2 72 11 
35 74 76 
18 17 16 
8 74 78 
88 92 90 
22 96 17 
6 7 37 
43 17 73 
40 66 49 
2 11 20 
29 81 11 
11 38 1 
60 49 14 
5 33 97 
47 81 8 
58 24 94 
37 52 85 
88 70 83 
37 85 19 
91 94 24 
31 24 21 
79 20 8 
17 3 4 
75 65 95 
98 29 42 
63 38 66 
16 19 33 
100 72 16 
51 24 29 
37 97 63 
35 75 17 
84 94 21 
91 21 68 
17 22 19 
73 44 58 
27 81 23 
46 51 7 
14 40 66 
77 69 84 
85 18 43 
59 63 55 
9 69 84 
47 62 33 
87 41 27 
63 64 83 
40 51 90 
6 9 69 
28 48 8 
75 3 21 
86 25 56 
98 84 86 
34 11 73 
45 97 62 
40 88 14 
99 12 86 
71 99 14 
37 84 22 
30 65 21 
10 65 74 
85 74 89 
74 25 67 
43 98 77 
89 97 27 
87 85 43 
48 75 39 
81 35 55 
35 36 67 
60 24 28 
22 59 100 
4 91 65 
4 32 1 
76 89 33 
46 74 32 
23 81 30 
2 45 21 
28 7 34 
43 21 89 
16 25 87 
81 40 61 
70 99 63 
77 35 86 
87 27 92 
34 37 19 
25 27 58 
28 27 81 
40 39 89 
33 45 72 
64 96 83 
90 57 96 
50 37 51 
25 80 28 
11 33 39 
41 68 78 
8 11 25 
16 70 49 
11 66 69 
5 94 84 
51 22 39 
39 87 74 
61 28 57 
56 1 66 
21 10 28 
99 58 37 
98 80 47 
35 97 93 
96 76 4 
17 12 41 
50 4 80 
85 92 21 
94 59 33 
70 90 47 
95 82 79 
69 73 78 
12 52 61 
14 29 44 
42 55 3 
13 57 59 
16 15 71 
85 49 30 
100 62 18 
27 98 66 
36 1 19 
89 55 59 
82 84 11 
85 10 57 
37 27 61 
91 85 77 
6 7 78 
27 35 78 
13 38 31 
37 47 85 
25 21 81 
25 93 71 
7 12 1 
5 71 16 
13 11 23 
44 89 48 
42 6 16 
97 64 72 
98 28 6 
49 28 59 
68 35 54 
67 13 55 
85 13 66 
2 78 43 
73 90 69 
81 17 58 
90 51 84 
3 99 78 
9 60 56 
14 48 85 
97 83 98 
60 41 95 
21 58 92 
75 76 79 
58 91 48 
59 56 5 
97 7 26 
57 50 70 
37 55 27 
100 54 39 
10 18 44 
21 75 88 
51 48 77 
51 55 74 
50 12 65 
45 39 30 
41 96 25 
83 36 63 
100 29 62 
100 91 61 
46 65 49 
64 95 68 
99 42 97 
89 15 62 
13 9 27 
91 82 16 
31 64 30 
77 11 75 
18 5 50 
62 51 98 
85 56 47 
2 6 63 
40 67 82 
99 27 97 
19 80 91 
95 53 14 
11 70 89 
63 15 12 
14 69 81 
15 39 71 
44 78 97 
44 31 22 
36 27 5 
25 28 26 
44 92 8 
43 40 9 
17 14 2 
7 90 68 
25 55 22 
39 38 99 
74 48 98 
32 79 14 
39 34 51 
58 16 27 
90 91 7 
79 4 14 
67 68 77 
85 4 48 
30 88 90 
61 67 19 
97 5 45 
33 9 59 
30 67 85 
58 40 42 
12 70 59 
79 59 68 
80 9 92 
53 57 13 
25 53 17 
48 84 4 
50 47 26 
3 83 35 
35 91 43 
16 25 65 
20 72 6 
12 99 29 
99 57 37 
54 8 2 
93 81 84 
90 47 87 
29 7 83 
45 76 46 
4 47 73 
91 70 42 
16 75 30 
76 64 44 
13 93 72 
65 49 95 
33 36 78 
29 59 25 
13 22 31 
47 57 11 
85 67 27 
88 78 53 
69 49 68 
2 34 26 
59 77 58 
19 82 6 
34 75 94 
67 93 38 
61 97 35 
64 46 20 
56 17 77 
34 66 54 
37 14 5 
69 71 2 
69 62 17 
93 29 24 
22 98 77 
46 28 99 
43 99 30 
3 37 33 
85 36 89 
37 12 11 
44 9 6 
83 4 48 
94 67 10 
73 64 52 
94 67 76 
60 2 16 
6 88 62 
89 94 9 
39 13 17 
14 86 65 
38 34 84 
75 26 100 
99 21 55 
36 35 76 
86 92 19 
56 8 21 
58 40 48 
92 63 13 
33 17 59 
26 31 17 
11 81 93 
97 25 23 
81 94 65 
51 19 33 
87 12 29 
58 60 4 
15 33 86 
47 43 15 
9 84 46 
22 97 17 
20 96 25 
43 50 4 
87 89 52 
46 73 96 
57 97 92 
31 25 38 
99 86 71 
62 29 98 
79 68 12 
81 71 52 
53 50 76 
1 12 58 
11 16 88 
39 81 31 
77 2 98 
8 23 63 
37 73 16 
5 62 75 
1 15 51 
34 32 85 
33 65 68 
44 25 99 
80 100 37 
16 83 91 
68 98 1 
98 63 93 
17 6 72 
76 68 51 
50 78 52 
61 60 3 
9 66 79 
67 27 33 
3 12 79 
81 84 52 
53 93 49 
4 10 80 
65 70 17 
53 62 34 
5 73 21 
8 15 48 
82 98 99 
2 57 20 
92 64 14 
77 71 55 
48 69 20 
84 76 29 
84 10 69 
37 36 62 
59 70 5 
99 61 93 
77 92 8 
40 57 38 
60 71 6 
7 100 27 
82 63 43 
17 36 49 
62 88 51 
30 2 100 
33 62 17 
27 6 35 
24 15 59 
90 49 15 
43 28 75 
98 15 24 
71 48 3 
65 90 2 
1 62 51 
48 69 44 
76 95 67 
22 71 91 
60 29 23 
62 67 37 
93 23 43 
9 99 3 
45 30 42 
94 79 44 
81 31 94 
69 56 67 
34 3 9 
86 88 8 
22 18 55 
50 25 91 
40 52 64 
45 20 69 
8 62 58 
34 35 10 
36 7 30 
38 42 20 
26 23 43 
43 2 80 
29 48 28 
21 8 29 
72 93 60 
22 24 36 
43 68 94 
63 24 3 
24 22 32 
55 27 80 
31 47 90 
13 25 34 
46 88 30 
83 63 18 
53 69 96 
2 7 19 
95 1 26 
9 83 88 
39 27 91 
65 64 52 
60 41 9 
78 76 54 
37 94 50 
37 30 96 
77 73 43 
12 34 31 
38 7 81 
58 67 78 
15 84 30 
54 47 36 
29 34 24 
56 61 96 
54 31 35 
85 61 62 
56 57 39 
58 70 66 
14 9 84 
95 93 40 
25 59 39 
72 14 40 
4 13 39 
91 74 7 
64 93 65 
11 52 32 
86 57 55 
30 81 39 
74 90 68 
92 88 91 
27 40 30 
71 8 58 
65 71 41 
20 34 36 
100 24 71 
24 8 40 
96 54 60 
10 54 97 
99 83 77 
15 75 33 
71 20 45 
29 99 63 
87 94 84 
38 24 94 
10 36 6 
87 31 23 
3 15 18 
87 77 2 
91 32 97 
44 10 2 
67 25 9 
7 1 90 
15 50 90 
64 18 49 
10 79 94 
82 57 27 
36 24 92 
86 27 37 
27 25 31 
54 28 13 
29 83 5 
50 38 82 
71 33 93 
72 70 95 
37 52 67 
44 27 50 
13 1 49 
91 46 94 
32 38 60 
15 27 22 
78 69 19 
39 16 78 
42 23 100 
21 47 20 
64 93 33 
70 17 86 
56 44 65 
40 91 49 
71 31 87 
26 10 57 
19 99 33 
1 94 41 
14 62 31 
31 6 41 
52 28 94 
30 54 85 
88 64 97 
54 30 9 
49 69 17 
25 39 52 
48 33 75 
86 50 4 
49 46 45 
24 74 77 
52 69 35 
86 35 60 
56 57 36 
80 53 59 
9 69 61 
13 38 23 
8 26 98 
84 96 30 
6 64 25 
78 84 7 
71 26 53 
79 99 30 
33 25 73 
17 94 37 
80 62 76 
87 78 20 
47 74 41 
74 69 43 
73 65 47 
96 97 37 
5 79 98 
78 29 30 
44 11 89 
77 67 12 
32 57 54 
97 33 52 
4 43 85 
34 84 33 
65 83 73 
3 21 7 
78 66 40 
25 61 89 
21 7 27 
8 94 36 
22 57 47 
3 70 60 
74 10 58 
8 34 93 
73 58 90 
1 43 71 
79 56 82 
47 58 67 
33 27 48 
88 65 72 
9 34 77 
91 13 4 
25 15 4 
18 49 8 
3 19 33 
19 89 14 
78 35 29 
44 55 10 
34 21 81 
23 39 56 
97 58 30 
34 94 49 
98 22 93 
56 31 57 
71 56 98 
8 4 86 
81 18 58 
58 52 13 
47 65 23 
100 96 25 
46 28 94 
23 12 97 
87 31 79 
41 34 28 
48 13 6 
9 89 42 
2 6 46 
84 71 36 
4 86 79 
17 20 15 
80 8 21 
28 38 8 
78 66 57 
72 2 57 
33 28 25 
94 65 77 
12 27 66 
60 26 27 
81 52 74 
43 62 52 
16 12 55 
26 10 99 
2 47 24 
100 40 68 
2 42 33 
66 41 2 
38 55 56 
76 89 66 
4 19 91 
47 5 41 
45 41 14 
26 93 64 
34 65 88 
21 55 13 
7 42 70 
7 16 48 
29 62 37 
8 100 24 
26 3 12 
15 37 29 
21 60 81 
76 36 69 
10 63 61 
69 3 95 
51 66 78 
74 59 33 
5 47 10 
76 68 25 
4 97 94 
74 87 3 
66 26 15 
2 62 50 
1 27 87 
25 18 74 
19 90 99 
45 64 78 
85 94 86 
91 2 25 
63 22 37 
72 47 83 
16 96 49 
18 43 13 
27 32 56 
8 12 77 
100 40 96 
97 23 32 
49 42 76 
14 51 63 
25 41 16 
84 92 21 
11 99 18 
68 56 9 
38 30 36 
41 17 64 
4 61 10 
58 55 75 
60 2 66 
61 63 14 
76 11 90 
66 21 93 
84 68 12 
13 89 8 
90 30 18 
51 17 57 
19 100 82 
60 12 23 
40 2 20 
4 27 78 
94 9 20 
57 98 22 
85 24 65 
25 31 22 
71 95 52 
26 6 12 
43 16 81 
23 79 91 
75 55 60 
95 85 44 
40 46 37 
30 45 33 
87 41 88 
30 16 43 
94 27 69 
45 89 78 
68 17 98 
36 51 63 
89 59 22 
7 4 9 
34 53 35 
31 77 37 
4 99 12 
15 53 67 
39 16 83 
92 12 62 
29 1 28 
70 17 45 
26 15 38 
40 64 76 
64 90 56 
34 100 48 
12 81 78 
89 23 97 
90 31 56 
58 8 65 
34 15 75 
33 18 9 
59 70 35 
41 48 24 
56 35 62 
2 28 26 
10 69 100 
66 9 7 
20 70 91 
42 33 44 
74 2 95 
17 84 82 
36 77 34 
56 39 11 
2 3 93 
38 35 48 
13 60 74 
24 45 71 
53 35 62 
43 25 51 
80 73 18 
2 48 42 
27 80 29 
51 25 18 
92 55 67 
9 31 33 
41 39 91 
78 29 63 
63 8 18 
34 48 5 
69 62 86 
21 19 61 
2 69 49 
26 51 64 
27 64 39 
39 80 27 
59 83 74 
29 85 3 
81 25 67 
28 42 85 
39 30 2 
14 94 92 
76 69 83 
43 46 56 
100 97 19 
93 22 35 
97 74 20 
81 41 82 
27 99 67 
66 32 23 
23 76 31 
34 69 28 
69 3 65 
56 74 77 
74 3 68 
87 23 16 
55 81 15 
17 15 13 
30 1 62 
66 67 29 
37 50 3 
15 18 24 
11 87 54 
84 33 74 
16 83 41 
24 20 89 
71 24 44 
48 96 91 
97 15 24 
4 29 66 
45 71 67 
60 87 99 
27 8 32 
11 99 68 
22 79 80 
40 57 11 
54 30 44 
41 4 40 
31 79 36 
81 68 75 
97 25 79 
31 73 27 
48 22 79 
17 1 32 
54 42 7 
98 17 22 
6 86 10 
48 40 78 
79 4 15 
26 32 24 
26 2 21 
44 91 41 
59 2 80 
62 71 57 
100 90 14 
80 61 15 
95 6 38 
56 69 34 
82 14 96 
64 29 98 
37 57 71 
35 99 2 
61 6 66 
2 1 7 
37 81 28 
39 78 8 
60 46 21 
78 14 71 
47 83 78 
71 84 78 
6 62 37 
79 64 26 
14 50 21 
4 84 98 
34 40 14 
28 27 57 
98 79 39 
4 43 58 
88 15 13 
16 6 2 
8 5 92 
80 82 48 
68 48 16 
23 22 32 
67 44 48 
79 67 76 
38 25 100 
45 74 17 
37 15 40 
44 1 7 
40 25 84 
19 14 17 
20 16 84 
39 29 65 
6 59 9 
32 1 47 
94 63 59 
5 24 93 
64 42 48 
97 26 58 
98 33 46 
32 84 50 
27 68 4 
85 25 61 
11 95 16 
97 78 1 
78 67 100 
55 24 65 
33 74 34 
46 27 25 
92 36 53 
98 31 83 
50 85 68 
48 89 12 
25 1 11 
12 100 49 
43 20 94 
58 44 11 
4 66 64 
1 81 37 
31 1 89 
54 52 84 
63 87 36 
51 39 24 
92 67 11 
11 43 19 
25 68 73 
32 92 11 
14 52 7 
91 4 26 
10 3 52 
23 30 46 
43 53 35 
1 84 16 
18 83 15 
5 59 95 
25 20 50 
12 61 4 
7 9 20 
88 28 72 
70 19 32 
31 35 13 
77 63 66 
68 66 38 
21 81 9 
50 34 78 
32 59 99 
40 89 22 
52 20 55 
37 9 17 
45 23 38 
70 85 1 
95 17 28 
22 43 26 
29 88 47 
51 76 24 
43 67 64 
35 85 33 
58 18 34 
45 6 42 
38 83 9 
36 66 63 
13 66 83 
76 82 1 
1 79 50 
72 38 57 
69 5 17 
67 90 70 
86 52 8 
53 50 79 
21 31 27 
46 61 35 
15 49 18 
66 47 11 
23 3 45 
38 67 73 
36 76 38 
10 80 57 
93 33 44 
68 45 52 
84 85 31 
40 16 73 
96 20 79 
89 51 47 
58 46 4 
1 74 26 
53 63 24 
35 66 97 
30 46 85 
99 90 2 
37 75 40 
75 38 68 
99 87 80 
23 56 100 
32 33 43 
22 73 23 
4 54 74 
90 97 31 
93 88 21 
95 98 83 
97 51 9 
33 93 74 
92 20 55 
25 11 43 
77 93 52 
30 47 73 
2 69 43 
41 33 29 
23 18 67 
37 80 93 
57 99 64 
25 96 45 
21 55 72 
14 24 97 
77 92 99 
26 19 75 
24 99 23 
8 53 92 
39 53 29 
6 96 50 
56 45 43 
14 90 9 
11 19 37 
3 59 16 
33 60 62 
66 37 45 
83 11 63 
98 71 80 
45 40 21 
40 62 80 
88 20 16 
52 70 29 
63 67 25 
83 13 85 
43 41 76 
98 82 77 
25 78 62 
90 89 26 
40 74 4 
90 34 48 
67 4 25 
22 68 96 
40 61 13 
73 62 39 
28 86 77 
71 34 22 
33 79 46 
37 72 76 
83 11 58 
64 51 52 
45 26 99 
22 41 15 
50 62 14 
25 42 56 
77 76 5 
45 31 91 
10 20 31 
35 80 6 
25 8 27 
74 8 73 
39 33 22 
16 63 55 
29 31 4 
50 2 10 
99 40 97 
52 27 44 
71 35 39 
61 95 35 
96 78 35 
77 34 82 
21 38 30 
70 11 20 
38 80 46 
9 8 45 
6 2 12 
17 67 64 
89 20 63 
72 46 25 
51 2 88 
74 43 95 
74 46 72 
100 3 4 
35 44 52 
14 94 38 
87 19 37 
97 1 80 
30 39 97 
99 6 88 
7 27 65 
51 21 62 
4 28 12 
53 35 55 
31 46 56 
31 37 14 
48 23 20 
36 62 2 
84 62 22 
81 67 36 
73 10 50 
39 50 85 
27 19 72 
93 82 12 
75 62 61 
84 68 44 
67 39 56 
45 51 30 
57 91 10 
14 65 88 
30 18 15 
46 53 37 
83 35 46 
70 21 37 
9 57 71 
93 24 41 
50 2 77 
51 35 4 
5 78 37 
14 93 56 
38 33 84 
36 21 9 
82 7 69 
100 43 65 
55 58 92 
31 24 62 
58 42 51 
37 44 66 
68 40 60 
27 37 87 
60 21 38 
46 9 2 
45 81 3 
19 3 68 
3 2 67 
29 83 2 
71 3 98 
73 8 93 
25 62 75 
53 44 63 
80 26 62 
85 28 62 
48 49 53 
28 40 35 
79 11 66 
98 16 29 
54 29 13 
1 22 20 
82 70 23 
16 40 70 
73 29 53 
48 60 67 
82 54 74 
5 20 26 
15 61 22 
49 30 45 
29 25 73 
58 98 29 
37 77 30 
63 82 87 
47 88 43 
64 86 4 
14 22 1 
60 7 12 
33 85 12 
44 76 23 
63 99 18 
30 89 43 
68 49 39 
30 37 8 
34 55 56 
19 98 69 
57 78 11 
29 73 2 
26 45 6 
12 58 85 
50 14 8 
52 5 91 
86 21 4 
65 12 90 
60 47 27 
47 13 99 
89 97 67 
86 55 33 
39 13 19 
4 24 3 
61 65 72 
85 67 10 
77 75 48 
13 31 28 
83 46 17 
65 72 69 
2 99 27 
32 41 87 
58 63 78 
37 90 78 
32 59 81 
67 86 24 
29 93 79 
37 79 20 
11 62 89 
17 19 30 
68 90 93 
15 64 12 
81 41 71 
68 87 26 
94 29 96 
5 38 23 
39 19 31 
25 94 39 
25 91 90 
59 98 49 
87 10 11 
79 63 20 
42 44 14 
45 81 34 
93 8 96 
77 35 19 
20 7 6 
48 25 76 
31 25 59 
14 10 38 
98 30 45 
39 57 12 
84 13 67 
92 57 91 
5 60 57 
66 16 40 
82 99 65 
42 80 39 
19 18 22 
58 35 7 
81 8 83 
79 30 90 
40 10 68 
63 18 39 
4 100 34 
56 75 52 
59 97 92 
30 48 38 
9 92 87 
98 21 79 
7 85 4 
37 68 9 
39 35 78 
70 38 28 
34 64 96 
79 17 68 
74 20 92 
13 94 24 
26 42 97 
97 19 35 
27 42 95 
41 27 75 
49 26 44 
100 60 32 
5 44 42 
16 41 1 
50 20 88 
85 94 55 
49 13 32 
19 55 41 
84 89 15 
64 86 87 
27 62 25 
79 61 16 
21 69 84 
97 12 57 
90 28 6 
73 14 69 
87 10 84 
74 69 8 
92 11 97 
95 16 45 
56 69 21 
26 83 75 
33 5 27 
87 46 80 
100 90 78 
10 73 40 
75 33 67 
11 78 97 
61 7 52 
87 29 46 
28 11 72 
11 78 58 
44 62 84 
47 44 1 
1 54 95 
51 57 9 
27 91 58 
55 94 8 
43 42 1 
63 38 36 
6 43 17 
71 31 20 
44 94 30 
58 5 36 
100 68 17 
18 63 72 
48 5 19 
78 20 81 
77 74 6 
65 38 86 
14 85 90 
35 23 74 
88 25 76 
72 41 58 
36 79 58 
79 81 46 
25 32 13 
42 14 3 
1 48 49 
14 32 31 
78 15 18 
40 69 19 
78 32 15 
47 66 94 
24 23 92 
63 76 3 
93 42 91 
7 99 15 
71 43 13 
71 8 38 
26 80 87 
97 22 50 
33 22 2 
46 86 79 
48 84 29 
97 59 33 
62 82 90 
100 94 74 
82 83 16 
83 57 23 
40 21 9 
31 82 81 
2 10 94 
47 46 80 
90 53 20 
69 70 60 
25 18 2 
60 1 97 
39 62 11 
5 92 18 
77 43 84 
65 98 9 
40 62 21 
26 20 96 
28 32 31 
67 70 46 
27 100 34 
34 5 85 
48 86 72 
49 35 70 
77 16 93 
23 1 64 
54 87 59 
84 56 100 
40 10 9 
51 91 5 
100 62 34 
1 14 19 
13 67 64 
48 23 11 
93 81 66 
26 67 82 
85 30 96 
84 70 48 
45 52 89 
35 68 19 
86 83 35 
66 10 22 
83 52 94 
26 24 15 
25 87 93 
4 10 8 
58 44 60 
57 14 3 
67 86 52 
7 88 93 
85 28 54 
93 44 23 
44 35 10 
1 10 19 
7 55 56 
36 32 33 
62 78 53 
93 82 44 
38 47 93 
72 26 57 
58 30 5 
88 12 7 
81 94 62 
46 66 59 
54 5 44 
36 46 35 
78 34 36 
59 88 95 
34 28 45 
22 23 36 
78 24 32 
46 78 15 
53 17 4 
86 15 54 
79 60 53 
39 84 32 
74 40 53 
14 90 68 
62 26 14 
92 51 96 
69 72 46 
40 46 19 
83 33 58 
56 44 35 
83 4 94 
40 35 69 
25 21 74 
83 22 84 
38 20 89 
66 99 23 
72 83 70 
8 23 2 
58 70 78 
38 84 1 
56 5 44 
29 71 63 
62 23 7 
74 70 42 
44 53 40 
80 5 71 
65 18 64 
31 68 46 
89 65 14 
38 50 9 
10 1 90 
51 3 39 
33 27 59 
86 51 49 
30 38 14 
21 64 92 
38 37 91 
79 26 68 
15 4 64 
88 69 50 
73 51 39 
72 85 29 
36 34 15 
29 32 51 
45 10 43 
48 34 89 
25 54 97 
19 57 61 
84 76 3 
63 69 78 
31 35 47 
41 2 32 
26 85 3 
42 34 78 
41 83 2 
67 43 13 
8 66 94 
1 82 2 
8 59 45 
49 32 82 
62 17 5 
87 25 8 
15 31 67 
51 22 31 
43 77 26 
29 100 20 
81 68 74 
11 84 26 
25 10 21 
99 48 32 
62 97 18 
48 41 74 
45 6 57 
5 86 6 
38 85 20 
85 66 46 
98 27 53 
20 96 43 
1 52 71 
23 99 11 
58 36 17 
78 75 43 
79 73 57 
91 41 75 
14 21 62 
39 53 32 
65 87 30 
53 79 56 
2 49 85 
39 27 38 
4 68 80 
73 62 17 
40 65 16 
99 89 34 
16 84 27 
25 14 8 
43 75 12 
35 10 68 
29 75 51 
66 14 21 
34 38 10 
22 82 76 
37 26 4 
36 10 25 
70 18 1 
1 55 98 
17 32 7 
14 20 79 
15 90 23 
88 4 68 
54 11 37 
82 100 48 
26 50 97 
91 31 23 
75 49 89 
33 83 27 
71 76 94 
65 14 3 
82 33 72 
49 8 21 
91 47 80 
28 25 65 
88 78 37 
5 32 13 
65 95 36 
79 81 1 
91 84 80 
51 66 33 
21 32 58 
70 88 90 
5 35 90 
51 11 3 
94 70 19 
76 73 90 
43 71 61 
40 55 21 
30 13 15 
78 70 56 
41 34 83 
84 94 65 
24 31 98 
18 17 43 
77 44 72 
14 24 63 
96 3 78 
90 4 25 
22 43 60 
51 4 69 
5 92 48 
97 35 27 
36 61 62 
39 12 48 
81 60 67 
22 33 58 
50 5 78 
98 40 89 
41 40 7 
45 77 30 
27 45 47 
71 16 39 
34 10 45 
69 72 14 
62 29 67 
55 80 31 
70 9 46 
3 60 100 
35 69 79 
58 84 95 
13 12 20 
37 77 66 
86 60 81 
34 5 37 
46 66 54 
33 17 20 
28 40 26 
53 70 64 
15 14 22 
64 48 47 
89 68 94 
40 99 77 
22 78 57 
93 63 80 
89 43 67 
1 26 76 
41 51 21 
64 99 72 
40 70 54 
56 17 76 
15 29 17 
97 36 98 
80 81 29 
81 36 68 
1 94 32 
15 48 30 
4 57 34 
21 49 53 
76 82 70 
71 25 86 
43 85 73 
49 96 5 
91 1 4 
98 42 37 
3 90 9 
93 19 1 
85 18 44 
59 82 77 
66 14 29 
8 57 53 
78 18 99 
7 51 68 
52 51 37 
11 82 15 
84 7 94 
31 16 69 
82 73 52 
30 25 37 
6 84 37 
90 5 28 
66 79 88 
28 49 67 
11 61 37 
77 20 99 
60 2 39 
95 36 26 
11 24 29 
46 4 74 
17 43 27 
15 53 33 
57 11 5 
1 52 61 
53 51 4 
21 25 29 
39 38 89 
71 28 87 
29 13 96 
56 59 85 
87 41 35 
94 65 53 
37 27 83 
74 100 72 
97 29 51 
23 64 89 
19 57 36 
63 75 79 
20 49 2 
8 93 98 
82 89 65 
85 88 33 
90 50 12 
88 75 16 
36 26 81 
62 74 96 
17 61 100 
47 27 32 
32 57 84 
60 27 91 
97 68 57 
5 16 33 
77 19 86 
50 79 22 
83 61 18 
39 32 29 
98 53 22 
31 5 65 
63 39 90 
90 34 39 
39 99 65 
94 8 10 
74 4 55 
19 66 64 
82 34 89 
58 49 51 
93 27 49 
92 70 71 
95 86 42 
14 10 7 
78 17 75 
57 96 20 
40 44 18 
52 61 72 
3 78 49 
87 47 9 
19 22 8 
35 45 18 
61 63 15 
64 89 81 
91 13 80 
83 36 58 
71 55 43 
25 47 31 
52 28 49 
9 78 58 
9 85 80 
95 49 84 
71 31 90 
38 73 29 
14 7 83 
42 82 41 
60 77 96 
25 1 73 
25 88 40 
78 8 85 
5 75 34 
65 1 24 
63 82 81 
65 70 80 
68 98 37 
17 72 3 
16 79 23 
45 18 55 
71 22 15 
3 86 74 
50 76 84 
1 82 23 
18 43 72 
29 89 14 
31 23 18 
4 35 47 
42 59 19 
52 48 13 
42 58 71 
84 2 56 
24 19 9 
60 47 97 
84 45 76 
84 43 75 
7 81 95 
32 100 75 
33 80 15 
4 97 21 
87 96 6 
9 10 79 
70 7 28 
33 11 22 
3 79 88 
19 91 87 
18 85 33 
62 47 98 
43 26 81 
17 63 96 
52 77 5 
74 54 20 
1 97 23 
30 11 18 
87 84 5 
71 36 30 
47 33 38 
50 51 95 
7 55 42 
44 79 3 
67 17 40 
31 34 93 
7 53 46 
24 72 71 
79 40 85 
41 97 96 
80 68 92 
11 43 18 
26 66 55 
17 3 99 
59 56 52 
48 33 80 
92 95 100 
87 34 100 
15 54 51 
33 89 29 
30 89 23 
75 65 72 
21 5 55 
22 89 10 
26 37 20 
43 96 92 
86 10 43 
82 50 85 
3 8 7 
26 32 5 
71 49 46 
26 90 79 
63 27 30 
11 35 60 
73 49 85 
31 73 23 
41 89 80 
17 79 97 
60 6 40 
78 65 2 
80 70 47 
52 8 65 
89 61 54 
12 47 21 
3 35 24 
14 62 79 
68 16 85 
46 89 33 
100 26 53 
66 22 45 
71 2 27 
78 66 92 
22 41 93 
86 14 27 
93 88 53 
31 62 79 
99 53 52 
35 80 27 
41 85 73 
64 49 35 
17 62 68 
12 58 92 
1 52 3 
76 67 36 
51 81 45 
14 8 5 
26 91 66 
4 11 16 
96 62 52 
69 71 25 
85 50 17 
11 88 37 
43 61 10 
8 44 39 
32 38 51 
43 38 89 
33 53 11 
93 45 8 
21 99 5 
6 72 10 
93 9 88 
44 2 9 
32 7 84 
35 22 89 
84 61 33 
4 35 1 
35 51 90 
29 48 11 
74 40 55 
91 45 71 
55 93 59 
59 87 36 
50 17 49 
54 53 91 
9 4 13 
70 30 47 
78 24 72 
47 88 55 
1 70 83 
56 10 43 
77 84 95 
12 62 80 
70 66 99 
95 81 69 
81 18 63 
51 15 78 
40 92 19 
80 24 68 
37 90 71 
58 27 20 
22 23 34 
34 11 100 
28 92 25 
28 4 38 
90 16 47 
89 1 71 
40 32 75 
44 75 50 
57 17 63 
24 74 5 
9 34 49 
95 29 26 
30 59 32 
24 70 81 
78 95 42 
11 73 39 
42 28 26 
84 29 97 
66 99 62 
14 36 78 
34 46 27 
94 70 22 
90 88 16 
5 95 19 
26 43 85 
79 1 12 
34 60 84 
61 90 95 
64 66 78 
81 63 85 
19 44 54 
98 1 34 
54 43 66 
35 65 8 
30 74 2 
49 80 48 
35 1 50 
5 41 25 
63 35 26 
31 65 50 
76 90 21 
64 19 44 
73 12 64 
30 78 87 
81 66 84 
46 73 78 
3 50 68 
61 51 66 
45 37 24 
34 13 76 
68 29 65 
86 23 5 
20 93 69 
80 78 76 
29 77 47 
43 46 93 
85 51 7 
64 43 23 
86 88 19 
73 61 16 
26 59 10 
2 12 48 
33 71 88 
36 53 44 
78 15 71 
86 56 4 
98 4 31 
62 61 93 
63 41 30 
26 80 25 
49 79 37 
77 2 22 
96 61 70 
21 40 43 
39 64 16 
23 95 63 
8 79 56 
16 15 5 
29 61 27 
24 29 56 
75 1 86 
49 95 100 
72 66 14 
31 68 84 
74 81 80 
62 1 9 
51 6 65 
73 3 59 
49 21 31 
15 12 20 
17 81 3 
90 53 41 
90 44 40 
72 86 6 
82 94 20 
93 7 18 
3 7 20 
89 74 2 
29 61 100 
58 78 24 
70 45 30 
7 34 29 
53 11 51 
81 72 66 
37 68 2 
5 14 76 
59 49 69 
43 31 51 
78 28 85 
86 96 18 
44 11 48 
45 55 41 
8 19 78 
49 63 62 
70 71 83 
6 24 87 
100 55 60 
88 82 54 
20 66 74 
13 76 38 
12 90 62 
8 80 47 
47 78 44 
34 71 80 
34 69 43 
39 62 100 
95 40 31 
17 25 65 
22 35 8 
10 11 2 
7 27 86 
16 43 18 
13 59 41 
84 49 64 
74 53 49 
93 18 44 
5 70 81 
40 1 79 
44 82 10 
31 97 81 
8 53 37 
38 76 60 
53 85 90 
91 94 51 
9 23 70 
41 22 69 
89 15 67 
84 53 73 
21 65 81 
50 41 49 
1 72 16 
62 66 52 
51 26 17 
12 97 2 
31 2 40 
33 12 64 
57 1 76 
25 42 87 
8 83 37 
8 86 12 
11 10 73 
80 45 69 
20 45 98 
77 100 29 
31 50 44 
77 84 53 
23 14 85 
96 76 63 
63 49 7 
13 29 49 
3 99 18 
3 69 57 
42 53 41 
40 64 11 
6 100 85 
81 56 60 
22 71 89 
39 60 94 
6 74 12 
28 78 49 
96 79 8 
29 20 81 
28 59 8 
39 80 18 
46 80 55 
30 1 14 
86 64 94 
59 98 74 
5 96 26 
54 6 33 
6 60 84 
49 88 55 
22 5 41 
11 86 77 
95 76 84 
71 15 19 
87 16 37 
35 50 17 
48 22 69 
46 94 38 
29 58 90 
29 80 98 
70 83 73 
67 3 41 
5 22 46 
12 93 66 
87 24 81 
79 55 66 
61 72 97 
58 51 29 
59 65 31 
21 6 45 
49 16 46 
71 43 12 
51 96 43 
98 89 19 
14 91 55 
63 71 58 
30 12 37 
15 14 86 
33 51 49 
60 78 57 
16 64 23 
28 98 69 
80 25 17 
8 30 78 
15 45 11 
4 9 53 
7 32 91 
76 31 93 
48 7 69 
93 80 81 
41 46 2 
80 18 67 
12 81 47 
51 3 54 
4 86 81 
36 33 40 
39 91 33 
24 32 19 
72 58 27 
27 90 71 
25 21 85 
88 76 41 
99 86 30 
69 84 83 
58 52 53 
84 67 31 
57 93 11 
41 75 80 
76 90 61 
3 64 100 
46 27 13 
46 6 53 
78 9 32 
32 17 96 
68 1 71 
73 44 63 
31 21 3 
98 17 56 
50 32 81 
36 26 73 
71 56 29 
50 77 31 
19 47 17 
19 47 87 
27 87 72 
71 30 41 
30 88 28 
23 75 88 
53 62 14 
71 95 43 
99 98 7 
70 10 8 
44 3 10 
81 70 13 
16 35 63 
70 28 6 
55 48 91 
56 6 48 
45 57 31 
99 34 88 
61 23 53 
40 31 68 
29 53 41 
75 60 45 
41 48 19 
51 44 54 
68 50 71 
91 3 25 
1 36 43 
21 100 8 
50 69 8 
90 15 88 
48 20 92 
81 32 56 
100 87 85 
97 17 77 
31 74 33 
12 67 20 
85 79 89 
36 64 31 
29 57 27 
58 29 31 
62 28 93 
84 83 92 
43 68 22 
97 40 18 
48 21 3 
81 68 47 
25 68 15 
7 43 66 
1 73 35 
67 7 60 
88 27 10 
72 54 52 
13 92 98 
70 54 86 
74 72 54 
47 48 27 
38 53 34 
46 14 27 
24 16 32 
16 59 18 
65 77 54 
51 7 93 
12 77 42 
47 71 80 
20 73 10 
100 55 23 
62 70 27 
42 50 7 
89 31 51 
30 100 18 
44 74 97 
49 42 75 
27 15 45 
59 84 95 
36 74 41 
76 85 52 
87 91 53 
3 46 42 
23 27 71 
52 66 40 
87 85 84 
21 57 12 
42 25 82 
49 38 92 
47 94 46 
90 49 3 
61 48 56 
2 91 60 
44 76 1 
99 48 92 
83 3 52 
95 46 91 
26 28 60 
58 45 98 
45 56 72 
18 7 53 
29 28 5 
30 85 14 
66 79 93 
2 23 93 
38 91 25 
63 76 34 
97 52 6 
28 74 24 
36 100 74 
75 61 98 
42 47 67 
12 21 56 
4 64 33 
70 68 72 
53 15 9 
95 44 31 
93 86 8 
1 45 14 
29 60 67 
46 27 99 
96 41 98 
66 29 86 
90 23 36 
79 82 70 
60 39 6 
60 23 70 
19 17 12 
62 97 60 
21 47 10 
26 60 61 
51 74 27 
94 14 77 
14 97 11 
6 35 66 
92 96 23 
38 19 42 
9 55 56 
3 82 80 
55 95 79 
73 61 9 
62 21 66 
36 89 93 
80 32 73 
95 31 81 
44 76 2 
60 7 44 
98 9 85 
61 28 70 
62 3 17 
38 51 45 
100 56 43 
95 76 81 
27 74 11 
21 38 14 
39 31 92 
54 26 34 
5 18 34 
15 6 82 
33 95 77 
22 97 87 
87 65 92 
68 46 66 
16 48 29 
11 5 97 
92 3 64 
25 42 35 
31 15 47 
95 90 20 
14 28 33 
25 88 41 
60 69 48 
33 76 84 
35 40 8 
11 59 53 
84 70 69 
11 88 54 
51 78 31 
33 12 32 
89 70 42 
72 90 71 
57 98 33 
81 19 63 
37 8 24 
38 42 39 
12 41 3 
8 29 16 
53 88 4 
79 27 62 
37 66 69 
56 64 89 
79 83 36 
75 85 69 
1 30 36 
3 16 56 
29 38 2 
29 81 36 
42 23 83 
89 72 15 
8 100 25 
86 49 21 
32 1 99 
8 78 52 
86 38 89 
7 68 84 
37 6 69 
6 33 46 
78 85 65 
18 72 26 
76 98 23 
41 65 6 
93 21 2 
68 72 40 
43 18 68 
41 27 100 
50 93 38 
17 50 30 
21 19 41 
36 44 39 
16 44 63 
61 46 76 
46 36 78 
60 95 46 
39 38 21 
94 74 22 
41 88 12 
33 79 50 
19 3 67 
48 87 54 
96 71 33 
10 58 64 
82 5 69 
64 44 59 
87 91 76 
80 55 100 
9 27 54 
71 86 53 
30 23 26 
6 64 68 
38 64 2 
49 95 63 
65 66 80 
80 77 38 
63 85 77 
36 28 10 
39 46 87 
22 74 42 
36 62 4 
3 66 60 
68 73 82 
56 78 14 
45 41 65 
16 11 35 
2 57 34 
98 25 51 
12 51 43 
87 25 45 
90 53 80 
83 51 15 
39 83 28 
5 56 74 
17 11 55 
56 4 32 
78 10 4 
28 48 38 
80 94 69 
16 46 64 
39 78 30 
6 55 49 
27 76 38 
56 51 70 
39 79 38 
13 61 24 
99 62 83 
36 85 98 
68 49 4 
22 9 29 
25 18 22 
8 17 39 
65 27 97 
25 64 76 
26 61 82 
96 72 44 
28 51 43 
58 45 16 
46 14 16 
33 7 30 
9 98 15 
24 86 72 
57 65 39 
11 8 92 
7 46 47 
75 99 22 
94 75 55 
87 77 71 
49 62 45 
98 20 47 
66 39 77 
64 100 86 
91 33 35 
95 50 36 
87 82 22 
5 98 8 
60 80 98 
54 32 22 
88 11 14 
27 36 38 
22 60 99 
13 68 16 
15 33 66 
55 47 93 
18 36 70 
78 59 72 
2 55 98 
98 6 32 
24 43 7 
66 70 62 
52 55 31 
74 96 95 
80 10 76 
53 57 18 
93 86 56 
49 96 30 
44 50 3 
31 85 82 
80 1 73 
6 99 64 
13 17 40 
26 99 37 
64 44 4 
49 51 63 
89 72 14 
11 14 62 
27 99 43 
31 36 38 
33 5 82 
44 46 41 
15 57 40 
98 49 24 
52 33 65 
20 29 18 
9 23 16 
28 76 80 
77 100 31 
66 10 24 
24 33 39 
52 79 97 
27 12 100 
22 100 21 
31 91 53 
57 91 100 
72 58 48 
45 78 80 
44 77 54 
4 58 59 
65 26 4 
80 72 99 
48 14 12 
70 36 99 
10 12 96 
31 69 82 
6 24 65 
78 21 2 
50 92 9 
95 96 36 
11 12 1 
40 44 34 
49 80 56 
43 6 75 
25 78 47 
17 30 67 
96 1 12 
85 100 1 
91 94 85 
11 56 98 
3 15 19 
20 23 18 
42 5 4 
95 91 13 
65 74 82 
51 35 26 
25 62 49 
84 79 100 
93 4 26 
3 53 71 
23 40 67 
67 23 24 
13 91 50 
13 34 36 
6 35 38 
59 25 95 
5 45 19 
35 65 100 
37 25 1 
2 27 33 
64 44 41 
3 95 67 
93 27 84 
82 9 74 
95 56 37 
23 18 47 
66 19 31 
36 60 82 
42 95 76 
92 55 23 
27 80 23 
20 71 62 
37 35 94 
45 38 35 
25 3 24 
9 80 46 
100 93 53 
20 64 31 
15 95 12 
84 82 100 
15 7 97 
93 63 83 
59 69 27 
32 29 94 
97 25 74 
10 32 18 
14 97 9 
27 83 90 
16 33 95 
90 23 21 
99 28 57 
73 70 62 
24 42 87 
64 75 96 
87 46 34 
39 97 60 
72 73 64 
62 66 97 
62 17 9 
81 62 16 
94 23 80 
47 32 9 
62 14 23 
58 87 69 
36 18 14 
89 59 62 
30 25 84 
65 49 64 
58 12 63 
46 24 7 
49 76 32 
71 22 17 
37 92 81 
46 34 4 
63 16 87 
56 91 10 
93 38 25 
100 26 62 
14 95 63 
96 72 98 
23 38 7 
29 28 21 
80 27 75 
25 94 42 
93 10 89 
61 75 76 
66 95 64 
87 58 76 
22 93 66 
22 74 24 
54 25 17 
61 7 67 
76 54 74 
17 1 9 
57 66 55 
1 20 30 
64 22 97 
10 85 8 
2 9 6 
24 22 1 
8 87 59 
90 24 36 
50 1 91 
76 98 50 
25 81 77 
26 17 59 
21 99 45 
4 12 26 
66 41 34 
57 31 87 
68 6 59 
27 18 31 
7 32 30 
24 11 64 
98 50 30 
11 24 91 
16 86 72 
61 67 41 
75 68 4 
26 11 13 
92 68 29 
73 49 99 
28 34 6 
19 86 18 
95 13 56 
39 36 79 
98 91 5 
100 66 58 
16 19 44 
50 83 93 
56 45 28 
15 85 12 
23 55 98 
4 2 95 
52 42 38 
9 97 93 
37 76 48 
50 82 93 
87 81 46 
20 75 29 
25 13 2 
95 87 35 
25 82 80 
68 56 51 
24 55 83 
72 34 41 
96 97 56 
17 67 13 
31 72 12 
18 9 99 
77 37 86 
66 95 22 
65 42 62 
14 78 96 
37 43 87 
49 51 36 
43 67 83 
98 91 88 
88 29 12 
24 74 1 
21 50 10 
89 63 34 
97 38 72 
100 8 57 
61 49 52 
16 49 19 
39 75 45 
97 74 37 
27 41 47 
67 34 55 
69 18 15 
50 38 96 
6 74 17 
64 58 25 
92 67 37 
76 16 24 
98 44 28 
14 45 8 
96 24 78 
52 80 94 
51 36 7 
13 16 51 
90 24 48 
31 23 69 
25 55 21 
4 95 77 
18 4 28 
19 68 92 
62 54 59 
20 97 7 
51 57 6 
22 36 63 
91 74 85 
90 55 94 
79 64 53 
44 93 70 
44 78 42 
87 13 75 
9 38 17 
26 75 40 
71 73 77 
87 82 15 
71 74 78 
51 7 29 
73 49 54 
38 25 42 
76 27 100 
93 88 13 
34 68 20 
5 21 19 
38 44 43 
28 93 65 
62 77 42 
14 62 36 
85 8 55 
91 78 77 
4 35 22 
51 8 20 
40 96 14 
93 48 23 
24 45 66 
33 54 100 
61 66 35 
75 57 63 
6 48 54 
13 40 93 
70 25 17 
44 11 73 
69 98 22 
97 32 41 
81 3 83 
66 24 12 
45 100 37 
32 73 14 
80 82 95 
20 84 83 
10 16 42 
46 60 67 
39 7 5 
91 21 31 
81 92 45 
44 20 26 
94 59 50 
71 13 46 
54 63 75 
83 9 63 
29 27 72 
21 35 14 
83 100 9 
62 10 90 
63 12 33 
45 82 17 
22 53 28 
8 68 26 
95 5 81 
61 29 97 
63 36 16 
28 64 84 
1 66 97 
49 80 44 
33 69 14 
44 57 28 
45 79 19 
46 13 89 
35 82 88 
92 71 69 
51 44 70 
25 43 2 
54 32 80 
44 90 67 
89 63 6 
54 65 11 
1 100 34 
26 63 100 
88 27 92 
68 15 61 
52 5 34 
80 8 65 
52 51 54 
47 10 33 
5 32 22 
76 62 100 
16 86 90 
23 81 18 
78 84 63 
88 68 29 
82 85 70 
12 50 63 
46 43 96 
5 43 32 
95 93 76 
24 90 93 
83 47 7 
12 78 91 
96 78 81 
38 8 79 
27 75 91 
83 51 68 
72 18 83 
58 38 9 
9 49 72 
39 2 20 
17 57 52 
15 84 53 
42 6 26 
55 75 88 
96 75 22 
63 29 76 
67 6 32 
54 20 29 
71 46 37 
42 77 39 
63 95 15 
25 57 72 
21 23 97 
4 13 14 
20 59 40 
51 4 57 
49 2 75 
2 72 25 
49 46 4 
51 81 44 
14 68 69 
49 34 5 
56 40 31 
27 21 75 
78 83 62 
97 17 44 
45 41 28 
91 94 86 
90 56 58 
60 45 77 
69 23 95 
31 79 43 
41 9 59 
4 75 32 
25 9 11 
59 88 48 
84 56 55 
73 90 19 
62 6 97 
10 11 19 
7 47 4 
51 31 34 
33 70 94 
82 52 54 
77 8 67 
6 73 25 
6 82 35 
94 49 72 
52 88 86 
20 82 77 
68 67 64 
77 49 95 
87 69 91 
63 44 5 
47 34 84 
28 76 77 
92 8 66 
46 70 49 
86 34 55 
69 20 16 
99 21 97 
11 100 32 
83 61 66 
33 84 37 
3 75 87 
31 8 3 
23 35 26 
66 85 73 
4 73 34 
73 9 47 
87 89 84 
11 37 41 
27 32 10 
77 75 50 
5 73 27 
37 2 14 
25 11 89 
98 21 80 
62 12 76 
31 46 38 
12 90 4 
38 66 54 
43 62 82 
64 98 34 
25 89 48 
8 85 68 
46 16 11 
45 43 27 
41 84 15 
47 66 28 
8 68 7 
84 66 64 
49 29 94 
65 64 10 
46 60 74 
60 73 72 
9 33 54 
97 98 88 
24 19 74 
88 77 19 
33 77 65 
86 49 8 
69 65 61 
83 7 92 
3 73 42 
33 48 43 
61 32 88 
91 7 76 
9 45 64 
58 50 30 
50 3 60 
36 45 14 
21 78 53 
54 6 2 
29 52 68 
85 15 49 
40 2 82 
14 96 51 
6 77 66 
75 74 70 
37 11 62 
16 2 72 
7 10 26 
95 83 92 
35 92 89 
43 91 54 
4 74 29 
36 18 69 
7 92 73 
74 66 43 
17 92 33 
27 40 37 
33 55 82 
73 67 7 
70 71 43 
3 20 18 
47 24 76 
13 27 29 
61 55 53 
19 5 98 
76 95 72 
15 72 70 
27 20 28 
40 94 16 
47 64 79 
25 43 20 
76 71 84 
22 81 55 
51 62 73 
91 78 35 
67 40 86 
21 16 45 
59 45 54 
55 65 8 
25 6 52 
96 15 12 
51 48 60 
22 72 78 
77 31 11 
29 33 90 
48 99 100 
97 62 75 
93 37 38 
51 49 62 
84 97 53 
59 33 55 
31 69 27 
36 62 17 
30 50 23 
58 47 9 
73 20 87 
44 29 11 
54 70 28 
3 92 90 
42 69 15 
37 24 88 
16 52 64 
42 92 26 
81 11 86 
61 63 43 
61 24 91 
83 34 69 
29 74 82 
45 22 89 
3 65 49 
93 91 64 
14 75 59 
19 72 5 
8 32 33 
29 7 100 
8 45 64 
32 96 50 
78 99 59 
23 8 97 
77 33 70 
57 33 62 
42 18 5 
55 54 87 
42 30 9 
52 55 40 
2 83 27 
88 12 84 
16 10 8 
36 67 75 
39 43 66 
31 33 77 
61 7 54 
9 54 90 
44 48 15 
1 71 97 
14 86 68 
11 100 13 
50 19 66 
66 99 51 
29 87 49 
1 69 28 
87 81 18 
76 6 72 
34 2 15 
63 14 52 
37 50 72 
47 79 87 
47 95 59 
97 10 24 
28 2 64 
51 75 87 
33 59 16 
67 58 20 
15 42 35 
77 98 6 
51 60 80 
10 80 52 
100 95 98 
19 26 91 
3 57 26 
33 94 3 
18 63 73 
36 9 57 
4 35 33 
56 54 79 
61 34 58 
100 62 97 
66 17 22 
25 100 39 
26 28 29 
40 60 53 
93 85 39 
36 80 55 
6 55 43 
88 68 80 
89 37 63 
41 14 99 
58 28 16 
55 42 88 
8 75 32 
62 13 25 
29 17 53 
46 70 91 
66 6 98 
98 54 24 
77 21 26 
72 38 99 
47 61 17 
11 52 28 
98 94 29 
49 75 21 
98 80 27 
18 2 14 
67 13 34 
17 58 99 
22 100 83 
26 1 80 
73 38 52 
48 53 31 
81 72 5 
45 38 15 
40 21 16 
76 29 67 
66 37 99 
48 30 51 
32 66 47 
55 64 100 
6 21 31 
33 10 29 
36 43 85 
13 42 60 
