5000
57 51 2 
4 96 76 
20 15 12 
27 69 94 
3 98 49 
54 41 24 
78 88 25 
64 93 65 
19 12 17 
74 60 89 
54 66 38 
67 71 20 
40 60 53 
14 42 3 
44 3 79 
99 100 48 
50 30 17 
5 74 24 
55 86 33 
83 22 84 
16 86 90 
69 67 56 
73 97 90 
28 51 43 
14 94 38 
76 96 90 
12 58 92 
29 11 44 
17 20 95 
81 37 65 
45 59 79 
76 65 54 
79 81 46 
48 40 97 
87 44 67 
53 22 98 
29 13 49 
99 33 19 
4 68 88 
48 14 16 
24 31 70 
21 88 13 
42 38 20 
79 20 72 
88 32 61 
7 24 46 
72 41 34 
51 29 24 
95 76 81 
70 81 13 
43 32 5 
24 65 6 
26 75 19 
4 45 48 
1 82 76 
61 52 72 
90 96 72 
26 66 55 
91 93 11 
66 40 16 
99 6 88 
68 35 86 
60 16 2 
66 29 14 
20 12 11 
80 83 60 
85 30 54 
14 15 86 
75 54 35 
30 80 9 
23 38 45 
71 93 33 
14 81 69 
10 57 91 
85 94 86 
57 18 53 
24 8 100 
50 12 65 
96 23 92 
5 34 48 
72 27 29 
46 30 9 
42 41 53 
29 66 50 
62 9 17 
23 42 72 
9 66 79 
12 36 14 
81 35 55 
6 7 78 
68 98 17 
88 48 42 
10 87 57 
1 51 67 
61 41 67 
92 71 85 
19 27 72 
39 91 27 
77 8 92 
18 40 97 
83 88 9 
77 74 56 
22 59 100 
49 2 76 
30 16 2 
18 24 20 
13 31 35 
12 24 66 
3 19 40 
90 5 28 
29 85 72 
3 5 97 
95 75 65 
88 20 69 
48 39 12 
29 28 5 
52 51 17 
91 14 55 
15 74 22 
49 78 28 
89 80 46 
29 65 39 
22 31 7 
50 93 38 
58 70 66 
35 38 48 
5 94 84 
4 64 33 
27 61 29 
13 59 41 
61 19 57 
45 52 68 
71 80 98 
90 72 50 
64 11 43 
67 44 90 
50 8 69 
10 4 80 
65 99 1 
15 43 98 
68 44 33 
10 84 69 
60 97 62 
95 80 42 
31 82 69 
94 74 100 
82 47 62 
83 69 84 
34 75 5 
32 29 94 
19 5 74 
58 27 20 
99 15 100 
7 91 74 
93 95 40 
33 29 41 
62 82 90 
46 34 87 
35 66 68 
25 54 34 
23 27 71 
50 38 47 
14 63 61 
27 25 4 
9 77 34 
17 15 74 
15 6 82 
21 2 26 
68 10 66 
66 46 70 
74 67 42 
89 85 36 
14 85 92 
94 72 40 
71 27 2 
1 14 19 
98 75 9 
74 46 32 
76 94 96 
40 90 44 
81 18 58 
99 16 80 
53 76 50 
29 13 54 
1 33 50 
99 48 49 
10 9 88 
17 29 53 
61 71 4 
5 32 13 
6 37 8 
28 69 1 
53 59 80 
86 5 23 
34 68 91 
56 58 78 
13 31 28 
2 14 17 
58 23 14 
14 32 31 
36 74 41 
15 41 84 
31 79 87 
1 79 29 
4 59 43 
12 54 46 
33 30 7 
14 100 30 
5 98 91 
25 47 31 
92 20 55 
100 84 41 
91 64 36 
89 9 94 
90 36 12 
20 1 6 
19 5 72 
45 19 79 
90 1 7 
41 27 47 
17 41 64 
70 82 22 
2 49 85 
47 80 8 
79 66 11 
4 79 14 
3 66 53 
16 37 73 
84 94 57 
56 98 17 
5 75 27 
9 38 17 
97 92 59 
3 96 29 
35 99 64 
72 26 57 
82 35 88 
51 11 86 
34 41 83 
69 62 18 
13 19 40 
50 97 21 
78 74 36 
64 90 56 
38 6 35 
75 43 78 
22 69 48 
17 75 35 
7 39 98 
34 4 3 
22 36 23 
47 70 90 
65 28 93 
36 40 82 
34 37 5 
58 42 71 
69 2 71 
33 59 9 
74 4 55 
13 90 56 
16 48 68 
4 21 97 
55 93 19 
93 87 25 
39 85 70 
45 36 14 
61 35 97 
93 36 89 
89 45 22 
64 4 86 
47 98 20 
25 74 78 
78 39 62 
58 90 39 
69 72 68 
19 74 34 
29 49 94 
98 42 37 
12 37 30 
37 33 62 
7 67 75 
89 52 45 
33 79 46 
51 50 95 
50 2 36 
95 43 13 
97 9 13 
52 8 78 
1 44 42 
31 59 25 
9 42 89 
3 45 23 
95 58 78 
5 69 17 
6 27 35 
89 55 59 
19 82 80 
53 49 70 
49 62 80 
25 21 74 
19 11 37 
50 97 26 
42 96 37 
52 56 75 
40 3 88 
76 17 61 
67 11 19 
64 51 52 
32 39 53 
57 92 62 
68 100 17 
48 51 30 
80 91 47 
80 71 5 
2 92 70 
4 15 93 
14 8 96 
67 13 17 
10 65 74 
13 31 22 
62 57 95 
35 70 59 
23 30 26 
29 89 75 
93 60 72 
37 87 16 
53 13 14 
49 21 77 
14 45 1 
95 29 26 
98 23 76 
71 22 17 
19 22 8 
62 58 8 
89 87 52 
4 69 51 
35 47 31 
45 73 72 
51 15 1 
95 76 72 
10 48 63 
57 50 13 
51 49 63 
95 30 21 
8 66 56 
27 84 93 
71 65 80 
62 85 28 
62 27 70 
77 20 82 
100 55 36 
94 85 91 
41 46 44 
36 95 50 
82 16 63 
87 55 72 
100 16 91 
20 7 1 
38 91 37 
44 10 55 
78 4 66 
28 27 20 
41 39 91 
26 25 80 
97 32 91 
86 6 31 
47 71 80 
96 44 99 
68 61 63 
8 27 12 
79 62 27 
64 70 6 
51 9 97 
70 7 28 
65 97 27 
3 73 31 
19 16 33 
14 12 1 
29 20 81 
42 94 25 
15 53 67 
9 46 84 
59 49 28 
24 64 7 
41 11 96 
33 75 90 
51 26 17 
87 69 58 
28 53 51 
67 43 13 
44 93 18 
30 94 44 
26 20 37 
10 3 25 
69 88 99 
8 86 49 
20 38 89 
78 25 58 
37 88 78 
78 63 29 
25 95 59 
22 49 21 
30 37 8 
69 63 22 
77 8 12 
21 41 48 
17 32 1 
2 14 49 
20 13 5 
11 89 25 
71 14 99 
77 91 15 
21 61 19 
39 30 4 
68 15 82 
66 64 95 
91 73 56 
81 78 96 
25 39 100 
79 96 20 
56 45 26 
72 82 35 
66 15 2 
56 60 9 
70 48 84 
93 81 11 
37 92 81 
88 59 23 
30 15 81 
42 37 13 
93 18 79 
9 93 97 
19 68 3 
43 94 20 
10 99 26 
95 83 21 
26 4 91 
75 59 43 
24 65 5 
87 84 94 
91 54 53 
42 33 2 
13 4 42 
2 6 46 
73 3 59 
45 32 30 
92 99 12 
14 79 32 
93 47 86 
94 91 46 
96 17 63 
43 1 36 
65 86 38 
33 62 8 
51 54 15 
6 44 85 
89 33 13 
32 54 22 
35 78 39 
8 22 51 
38 65 26 
73 43 11 
72 58 27 
46 60 21 
12 93 50 
56 48 6 
72 18 26 
10 26 7 
6 2 12 
94 65 26 
91 62 20 
58 36 17 
47 78 44 
62 48 61 
87 26 68 
52 93 57 
29 65 68 
55 78 86 
75 82 10 
21 55 40 
15 38 45 
100 68 90 
31 54 3 
6 41 31 
18 15 3 
48 25 76 
88 98 97 
35 93 97 
25 54 27 
19 98 55 
89 84 15 
41 2 46 
58 35 7 
100 87 91 
42 12 77 
55 63 59 
48 78 40 
23 12 94 
72 5 81 
44 9 96 
77 59 82 
91 96 18 
44 12 53 
90 68 66 
17 62 68 
64 83 63 
46 96 8 
25 1 37 
4 49 68 
50 14 62 
71 44 24 
16 91 83 
64 98 29 
18 31 23 
2 67 3 
96 71 31 
1 14 30 
87 6 24 
58 27 77 
10 38 14 
20 16 84 
98 83 31 
43 38 44 
76 54 78 
76 64 44 
25 41 5 
9 31 29 
77 84 53 
84 33 38 
4 64 15 
14 55 46 
58 86 40 
14 59 42 
39 36 44 
84 62 44 
18 23 67 
44 20 94 
69 38 65 
76 82 62 
53 85 90 
72 42 29 
22 2 40 
22 31 25 
95 100 17 
65 22 85 
97 20 93 
30 18 100 
86 84 9 
79 17 65 
5 19 95 
43 75 6 
37 84 22 
88 2 51 
29 98 62 
90 83 76 
21 28 29 
85 9 80 
29 36 4 
23 29 60 
51 65 6 
77 99 92 
80 61 15 
71 18 32 
24 11 64 
73 44 58 
7 49 63 
42 39 80 
47 93 38 
15 54 24 
36 73 7 
45 38 29 
97 100 19 
73 4 47 
61 43 22 
59 93 22 
86 96 18 
35 26 74 
81 53 60 
89 82 65 
42 76 49 
35 15 10 
80 82 25 
33 77 31 
19 68 35 
17 77 56 
39 16 64 
69 73 90 
77 66 6 
45 71 67 
66 85 57 
54 72 93 
91 39 50 
88 90 16 
3 53 71 
89 74 85 
31 20 64 
72 32 13 
95 77 33 
71 34 22 
35 22 4 
98 29 80 
64 89 56 
42 53 33 
15 26 38 
19 59 42 
39 2 20 
18 17 16 
42 34 78 
17 12 41 
77 66 72 
38 36 27 
74 96 63 
36 7 44 
92 87 65 
7 18 93 
25 55 22 
83 2 34 
64 44 19 
48 51 47 
63 89 34 
70 85 54 
30 70 96 
22 36 90 
94 38 46 
40 98 97 
9 21 40 
35 51 26 
81 62 16 
27 81 90 
69 72 14 
72 41 58 
76 62 100 
73 25 92 
38 53 61 
27 32 56 
87 3 74 
46 80 47 
8 50 89 
65 14 95 
60 18 24 
22 54 26 
54 46 66 
9 98 65 
20 47 21 
30 36 1 
85 82 31 
74 68 3 
46 49 16 
59 8 45 
15 7 2 
13 49 26 
39 22 13 
39 8 17 
45 51 91 
55 98 2 
98 19 69 
2 11 10 
23 25 97 
78 96 24 
26 38 45 
94 15 58 
48 93 23 
84 10 87 
96 32 50 
48 11 44 
48 8 78 
66 41 24 
70 17 15 
5 33 97 
97 99 42 
10 43 45 
27 62 87 
78 80 76 
16 4 11 
83 12 50 
37 65 75 
1 62 51 
8 53 92 
30 64 96 
28 26 9 
94 70 22 
19 93 62 
7 90 68 
92 18 2 
35 75 22 
18 14 99 
28 76 77 
80 55 36 
53 28 60 
5 54 44 
32 23 49 
65 14 92 
50 90 12 
79 58 60 
36 29 81 
22 69 41 
60 44 99 
40 60 69 
83 23 57 
1 14 22 
99 26 43 
95 16 45 
54 98 24 
61 82 73 
43 68 94 
10 47 33 
72 74 46 
4 12 49 
8 90 42 
11 92 8 
95 15 12 
27 72 87 
16 59 24 
68 92 19 
9 23 70 
69 10 100 
11 92 97 
25 58 79 
41 9 76 
21 13 8 
16 84 27 
17 51 57 
40 62 21 
50 46 19 
16 5 15 
72 44 89 
1 71 68 
74 55 51 
46 45 49 
49 58 39 
17 9 37 
63 12 50 
52 72 66 
34 72 78 
41 96 25 
74 82 79 
91 96 57 
63 83 9 
29 39 53 
95 2 46 
46 55 67 
69 59 27 
92 87 27 
57 8 53 
60 90 50 
12 1 96 
91 71 45 
39 29 94 
87 91 69 
21 38 39 
58 60 44 
2 81 26 
38 36 76 
22 41 15 
79 8 96 
68 29 92 
26 5 32 
43 40 9 
95 1 26 
64 49 35 
34 64 25 
53 95 35 
80 58 65 
81 32 56 
79 17 97 
70 32 19 
69 92 71 
92 50 9 
10 43 86 
69 67 13 
90 37 71 
25 44 99 
19 86 55 
23 16 79 
29 31 17 
66 71 48 
96 36 95 
73 10 97 
100 80 55 
39 29 68 
74 41 48 
32 30 59 
78 70 54 
89 87 84 
25 2 91 
26 17 31 
98 5 79 
23 16 64 
11 37 12 
4 32 56 
66 39 43 
34 62 4 
76 67 29 
67 46 16 
28 65 53 
14 37 2 
94 33 70 
19 43 66 
46 66 24 
53 25 11 
93 76 31 
12 62 80 
70 7 16 
50 31 65 
58 93 100 
49 60 6 
78 71 84 
63 39 32 
70 89 42 
67 19 3 
63 90 39 
37 51 50 
93 10 89 
34 33 74 
86 37 30 
99 32 1 
92 56 21 
22 24 48 
68 90 15 
10 85 8 
6 29 93 
34 15 36 
28 22 62 
96 34 64 
37 31 77 
48 77 51 
17 9 7 
62 10 22 
96 33 59 
19 12 4 
35 62 53 
40 98 65 
68 7 51 
49 60 10 
46 51 7 
30 49 45 
86 24 72 
33 21 37 
24 78 32 
65 54 59 
71 15 16 
11 89 62 
40 46 37 
26 19 69 
71 81 52 
52 8 86 
34 12 19 
98 75 61 
18 11 99 
10 64 65 
36 9 57 
64 67 43 
17 23 21 
57 54 36 
20 22 1 
13 23 11 
84 97 29 
75 94 79 
60 26 27 
14 11 82 
44 48 67 
14 43 89 
78 24 58 
85 91 53 
40 75 32 
24 29 56 
78 72 24 
34 46 52 
3 60 100 
91 95 13 
84 67 13 
50 35 33 
81 94 49 
11 98 69 
35 66 61 
99 83 13 
58 20 67 
30 97 58 
4 77 95 
17 47 61 
23 75 49 
53 62 49 
88 53 22 
32 66 64 
13 77 26 
15 69 18 
45 7 35 
13 75 87 
60 24 28 
63 43 71 
66 31 9 
40 38 57 
4 49 46 
40 4 60 
51 97 29 
40 7 41 
29 84 99 
64 3 92 
85 14 48 
22 18 25 
11 44 89 
76 100 35 
49 51 29 
19 41 48 
66 16 30 
45 76 46 
79 42 81 
14 52 100 
61 15 63 
80 53 62 
5 18 34 
76 62 80 
15 1 14 
25 59 29 
67 95 3 
25 6 94 
86 35 96 
17 62 73 
12 23 60 
41 65 45 
21 1 25 
51 44 54 
61 55 53 
67 20 12 
6 45 21 
13 47 10 
37 45 100 
77 44 97 
26 45 6 
87 73 45 
43 18 17 
65 47 73 
93 34 8 
45 20 98 
58 12 85 
76 57 1 
51 52 91 
26 5 96 
2 89 75 
40 68 31 
100 61 29 
27 71 90 
23 73 12 
84 56 2 
76 32 84 
90 23 21 
28 47 19 
82 57 49 
64 41 44 
77 91 49 
89 3 44 
79 35 69 
16 75 30 
14 72 66 
12 4 61 
31 44 50 
93 81 84 
42 49 46 
44 84 68 
34 2 15 
66 15 33 
30 18 15 
89 48 44 
57 89 65 
7 93 51 
6 54 48 
25 58 64 
13 91 4 
27 33 83 
35 18 73 
2 64 28 
89 57 98 
35 84 30 
21 84 92 
3 31 21 
33 15 75 
21 32 25 
94 61 57 
63 8 47 
58 37 99 
5 77 52 
8 19 78 
77 29 100 
71 16 39 
60 41 95 
55 1 65 
22 51 39 
94 53 32 
93 53 88 
27 75 21 
36 10 87 
79 23 91 
44 27 46 
13 22 48 
16 14 55 
42 12 27 
12 88 92 
43 7 78 
75 91 92 
46 34 4 
81 58 17 
11 54 68 
77 19 88 
90 20 84 
48 21 33 
87 90 47 
82 41 34 
80 62 26 
32 49 24 
19 28 53 
77 38 80 
5 56 59 
45 60 10 
86 72 48 
74 81 80 
96 61 56 
100 23 55 
34 97 52 
89 31 1 
81 67 36 
96 46 43 
95 79 52 
1 75 7 
85 39 50 
75 37 100 
88 47 4 
84 39 32 
63 26 35 
65 100 43 
29 69 78 
2 50 15 
48 22 79 
60 38 32 
97 98 95 
16 88 20 
76 75 41 
95 100 49 
88 51 62 
21 10 50 
43 11 18 
2 57 34 
71 24 100 
25 88 76 
99 25 43 
40 57 15 
79 80 22 
45 18 35 
16 84 3 
1 85 70 
90 76 39 
4 8 86 
67 30 85 
62 73 96 
60 12 7 
44 67 80 
85 30 46 
73 82 52 
98 22 17 
22 26 97 
27 65 7 
41 68 96 
15 59 79 
45 6 42 
5 4 24 
23 87 31 
51 24 19 
31 65 69 
94 33 59 
47 83 78 
29 75 20 
54 37 11 
100 57 91 
86 64 94 
50 3 44 
21 5 64 
76 84 71 
16 67 76 
94 57 11 
14 12 79 
32 73 14 
46 86 17 
45 43 88 
28 56 73 
93 24 5 
67 72 3 
39 47 13 
64 51 99 
71 89 72 
6 60 40 
20 25 43 
4 51 57 
45 30 98 
16 49 19 
65 66 80 
56 11 98 
29 28 1 
32 41 97 
45 42 30 
13 3 31 
6 9 7 
2 76 44 
19 91 14 
34 86 55 
46 22 5 
20 71 70 
36 52 72 
24 81 70 
27 97 62 
46 60 74 
80 97 13 
30 8 88 
8 45 64 
29 21 78 
54 11 65 
93 3 2 
6 91 89 
64 21 97 
74 91 85 
79 84 100 
73 43 14 
24 7 57 
51 84 90 
19 98 89 
17 65 35 
45 53 20 
3 47 39 
28 52 94 
20 22 95 
1 23 97 
84 87 34 
47 67 64 
56 49 98 
52 43 62 
48 90 34 
68 48 45 
54 25 97 
96 58 73 
43 32 16 
19 2 7 
66 6 42 
67 40 23 
99 39 38 
32 1 77 
30 88 28 
70 92 24 
8 10 70 
26 1 74 
33 80 48 
20 44 1 
40 53 74 
70 99 63 
39 77 35 
19 67 61 
11 54 80 
51 100 96 
20 73 10 
14 44 42 
39 49 68 
39 1 76 
3 65 49 
25 16 65 
55 98 1 
86 13 16 
57 73 79 
58 4 46 
73 92 63 
97 8 23 
72 27 45 
26 58 52 
68 80 87 
38 90 94 
3 94 33 
38 35 30 
68 2 85 
42 77 33 
60 36 20 
7 51 36 
16 52 64 
3 47 5 
11 77 31 
61 14 59 
46 43 93 
8 19 63 
14 77 98 
39 34 49 
84 48 29 
4 13 14 
35 6 80 
41 59 9 
75 45 60 
1 16 84 
88 49 55 
13 53 57 
39 2 30 
31 71 90 
97 67 5 
19 100 72 
3 1 52 
55 7 56 
15 23 90 
40 79 77 
83 39 16 
3 56 82 
8 65 55 
77 66 37 
9 47 32 
99 81 30 
29 87 36 
16 88 75 
22 62 84 
46 53 7 
80 69 94 
87 36 63 
35 24 3 
57 98 22 
100 85 87 
82 37 12 
86 6 72 
72 97 64 
74 84 53 
36 84 71 
61 66 6 
51 49 58 
64 37 72 
87 15 82 
39 24 51 
2 7 1 
32 78 9 
17 99 58 
61 57 27 
27 40 11 
97 62 66 
39 62 11 
44 53 36 
29 99 63 
22 89 71 
15 26 3 
1 41 16 
88 71 33 
40 20 13 
10 5 76 
69 61 9 
77 66 61 
2 77 87 
85 34 32 
47 67 58 
14 2 4 
99 18 78 
22 5 41 
76 41 88 
3 1 4 
34 75 43 
33 88 83 
74 5 92 
45 69 15 
74 68 38 
63 37 97 
67 89 64 
24 27 58 
46 79 85 
89 57 90 
5 26 3 
66 89 76 
87 27 26 
16 46 85 
14 37 5 
46 98 53 
65 90 53 
37 52 85 
9 45 64 
45 66 37 
8 52 5 
76 40 64 
48 4 26 
52 39 49 
55 23 98 
26 21 78 
21 55 25 
10 44 82 
55 17 53 
59 95 5 
42 34 15 
78 53 62 
3 41 14 
85 15 12 
80 82 3 
22 6 2 
61 37 11 
12 68 84 
64 21 92 
86 23 91 
2 49 88 
56 46 97 
56 8 21 
1 76 26 
86 6 5 
89 39 40 
20 12 52 
77 97 17 
64 66 44 
35 10 44 
30 51 45 
1 89 71 
12 91 41 
70 86 25 
26 16 40 
56 84 100 
28 26 91 
18 99 9 
76 1 73 
67 47 42 
66 70 16 
33 2 22 
34 23 22 
29 47 37 
83 35 38 
91 88 98 
77 62 42 
1 97 60 
98 29 42 
80 14 54 
34 41 66 
37 96 81 
76 83 57 
31 21 49 
72 47 11 
47 9 75 
56 31 90 
40 34 57 
77 20 60 
8 78 32 
91 22 71 
48 53 31 
75 63 57 
45 29 20 
59 85 56 
52 43 78 
63 55 99 
40 65 16 
18 5 42 
14 100 11 
87 60 69 
31 87 57 
36 87 59 
12 85 93 
13 27 8 
47 90 46 
69 17 62 
20 18 23 
99 87 80 
39 33 11 
16 63 87 
100 83 60 
94 57 90 
93 98 63 
50 77 2 
20 8 79 
56 37 95 
64 53 93 
12 33 63 
65 9 71 
12 42 50 
71 1 43 
1 13 18 
37 65 24 
84 6 60 
39 20 29 
48 16 7 
97 24 15 
26 71 53 
85 34 5 
55 99 93 
40 75 37 
64 99 57 
13 27 9 
33 30 10 
19 47 17 
59 94 80 
12 64 20 
78 35 96 
12 31 95 
36 99 70 
57 71 62 
7 18 53 
18 68 19 
63 99 22 
75 68 81 
41 75 27 
86 46 79 
55 53 35 
63 18 8 
79 88 3 
65 41 71 
37 16 79 
35 41 19 
79 24 59 
99 68 79 
27 34 46 
24 22 80 
57 99 28 
60 4 37 
9 38 50 
47 82 72 
76 5 73 
100 56 43 
44 93 90 
54 90 9 
45 83 64 
69 86 62 
70 62 73 
7 37 6 
3 57 14 
41 32 74 
20 41 53 
93 99 61 
49 3 78 
58 8 71 
79 36 83 
89 51 15 
62 21 14 
97 100 46 
29 98 94 
32 2 41 
66 99 70 
63 13 92 
90 85 16 
71 95 52 
10 3 44 
76 56 17 
59 16 99 
16 88 12 
59 55 33 
82 39 91 
46 44 51 
74 95 96 
2 100 25 
48 44 69 
73 39 11 
59 79 95 
27 14 84 
45 43 27 
44 99 53 
16 41 25 
93 88 13 
1 94 40 
61 88 89 
84 47 34 
55 25 95 
27 18 31 
90 30 79 
91 2 60 
16 62 96 
51 4 35 
46 73 78 
93 66 81 
62 49 100 
91 73 24 
96 70 61 
66 7 43 
81 34 45 
64 11 66 
70 28 38 
6 73 25 
19 14 17 
92 93 75 
90 12 4 
43 28 27 
23 39 71 
84 5 88 
100 82 84 
61 52 7 
18 97 62 
30 13 15 
64 19 66 
32 7 84 
72 49 38 
64 42 1 
85 18 33 
32 8 75 
47 32 66 
8 57 100 
22 73 23 
3 38 84 
63 14 24 
39 53 79 
1 11 12 
10 52 3 
86 31 34 
7 1 44 
14 95 53 
57 55 86 
5 45 19 
28 77 86 
86 68 78 
37 65 46 
24 55 13 
89 37 38 
77 67 12 
12 41 3 
43 35 91 
52 62 96 
57 59 61 
37 30 96 
45 57 38 
87 90 10 
77 54 65 
67 17 40 
97 27 17 
46 25 27 
72 23 36 
74 100 66 
18 84 72 
64 66 4 
75 54 61 
49 14 60 
76 81 45 
64 46 26 
19 77 35 
5 78 44 
69 9 6 
59 55 93 
48 29 28 
46 57 31 
39 55 22 
99 45 21 
18 86 71 
52 15 70 
57 33 98 
48 96 91 
43 11 19 
77 88 56 
39 25 17 
9 41 95 
21 49 63 
9 31 20 
11 10 73 
64 66 84 
68 31 49 
67 79 100 
11 99 68 
23 26 13 
71 3 89 
75 33 67 
16 27 58 
29 66 52 
46 9 70 
67 9 25 
24 22 74 
93 69 20 
84 62 8 
48 37 16 
27 57 28 
27 76 38 
22 77 2 
56 40 42 
9 88 93 
46 15 78 
21 8 80 
24 76 51 
29 88 12 
42 15 69 
70 18 36 
2 25 43 
84 28 64 
23 10 26 
35 26 23 
92 9 23 
11 33 43 
97 91 78 
51 69 41 
82 43 62 
26 4 65 
57 56 36 
90 95 20 
91 42 70 
68 8 85 
15 39 71 
81 59 23 
42 60 13 
28 71 87 
66 37 15 
5 81 95 
96 50 6 
60 85 49 
10 90 51 
71 36 30 
100 56 23 
100 60 32 
58 63 12 
14 90 100 
78 48 73 
63 36 83 
85 74 96 
13 31 38 
81 23 52 
58 42 40 
61 95 90 
72 2 57 
26 37 4 
86 1 75 
17 67 64 
41 24 93 
56 25 86 
20 43 41 
63 4 28 
66 58 100 
86 69 90 
12 26 4 
19 59 35 
50 79 1 
36 98 68 
75 95 91 
23 74 11 
81 22 61 
78 63 69 
55 56 38 
11 26 13 
84 56 55 
27 85 67 
84 4 87 
16 69 11 
10 87 39 
66 44 37 
84 65 94 
51 56 21 
60 39 6 
55 71 43 
29 94 15 
36 51 48 
25 5 89 
5 16 71 
40 67 82 
19 99 71 
5 44 26 
43 60 22 
66 62 70 
34 83 69 
34 62 94 
100 55 60 
1 15 34 
71 41 81 
53 15 33 
12 33 85 
96 51 43 
79 74 17 
45 17 70 
47 70 30 
15 90 65 
10 68 35 
16 46 64 
97 24 12 
31 91 23 
12 52 61 
46 35 36 
1 19 29 
85 48 4 
67 32 27 
48 38 28 
1 27 87 
15 100 70 
9 2 44 
6 69 78 
5 71 88 
39 7 88 
60 12 38 
28 4 18 
36 78 33 
99 82 57 
22 61 27 
6 83 80 
46 20 93 
66 22 17 
50 9 79 
56 4 86 
70 36 81 
9 54 33 
36 91 20 
65 81 86 
95 45 31 
83 52 3 
72 82 33 
91 26 66 
11 54 88 
25 68 76 
14 8 45 
40 35 69 
99 77 40 
77 15 64 
89 23 30 
48 67 60 
10 96 12 
8 2 54 
2 20 40 
23 99 24 
49 56 80 
8 88 86 
49 95 63 
6 65 41 
65 62 42 
56 80 98 
81 62 94 
73 74 45 
6 72 20 
53 20 90 
42 74 70 
57 50 58 
28 91 25 
17 6 74 
44 32 94 
77 67 68 
50 68 75 
97 1 66 
91 42 50 
90 37 97 
27 8 25 
84 70 88 
57 33 62 
45 57 6 
15 88 13 
26 79 90 
48 58 91 
11 66 47 
12 16 92 
95 79 55 
1 24 65 
67 85 10 
62 58 27 
71 93 25 
17 3 72 
67 73 7 
71 43 12 
38 36 30 
56 31 46 
29 12 99 
69 78 75 
6 33 46 
11 44 58 
80 46 55 
81 25 67 
7 94 84 
97 35 66 
87 91 19 
24 31 45 
58 5 30 
89 25 98 
30 90 88 
63 95 15 
62 97 75 
53 49 93 
85 28 14 
72 83 47 
68 82 38 
78 2 65 
45 80 78 
78 94 31 
82 84 11 
5 85 8 
74 44 97 
14 8 47 
83 53 52 
87 80 26 
70 88 83 
42 3 55 
74 45 17 
20 9 94 
17 61 24 
9 32 92 
98 60 80 
75 36 96 
85 27 1 
43 96 20 
36 43 85 
100 12 49 
5 73 21 
15 37 29 
76 71 94 
80 26 59 
45 57 31 
25 35 42 
2 62 50 
93 52 77 
44 79 99 
68 71 50 
88 23 52 
37 62 29 
92 5 54 
80 82 95 
78 88 53 
91 13 50 
33 71 96 
67 85 16 
94 53 58 
91 4 65 
85 78 28 
24 26 21 
6 15 58 
53 9 15 
43 51 31 
72 12 54 
69 84 70 
88 64 97 
39 20 16 
24 21 31 
9 55 2 
93 2 21 
48 75 33 
64 42 48 
21 16 40 
94 53 65 
81 83 8 
99 75 22 
84 32 46 
85 54 28 
26 91 19 
33 39 50 
5 7 39 
93 84 49 
73 23 55 
11 16 35 
9 13 30 
39 12 37 
89 67 83 
69 33 71 
41 80 31 
96 14 51 
4 95 56 
25 20 32 
51 95 18 
95 86 42 
78 66 92 
6 74 12 
15 30 48 
1 73 35 
80 91 13 
8 65 35 
61 85 25 
33 43 48 
31 27 69 
28 66 47 
22 10 54 
62 97 6 
58 12 20 
48 75 39 
96 68 22 
94 54 60 
16 1 72 
24 63 53 
4 33 35 
93 88 7 
47 45 70 
76 91 87 
99 78 3 
41 96 97 
98 6 32 
15 11 41 
74 58 24 
53 14 58 
35 38 45 
91 40 49 
40 57 46 
62 4 5 
91 68 15 
76 89 33 
25 39 52 
28 95 67 
91 51 37 
26 24 32 
17 12 4 
37 79 20 
28 70 54 
51 94 86 
86 88 89 
52 2 41 
25 100 96 
68 62 99 
18 74 10 
89 97 5 
45 41 33 
87 23 16 
10 36 28 
3 47 33 
24 89 64 
75 12 67 
23 87 48 
16 36 15 
68 48 15 
88 34 52 
87 16 25 
75 61 36 
38 65 17 
93 59 67 
39 30 78 
50 67 87 
20 78 25 
81 7 43 
64 73 72 
23 14 62 
47 65 23 
77 5 76 
60 7 67 
89 68 98 
12 68 79 
65 36 95 
83 98 95 
4 82 9 
68 18 43 
56 35 62 
13 93 57 
30 33 45 
67 86 52 
75 36 67 
85 8 78 
6 84 37 
83 57 21 
51 14 63 
100 91 61 
27 100 11 
29 92 74 
61 60 26 
90 72 71 
98 79 21 
29 68 77 
85 37 47 
29 4 8 
97 24 10 
79 40 54 
96 8 93 
77 33 70 
63 99 18 
27 15 45 
73 16 40 
67 24 100 
99 26 37 
91 42 93 
67 11 27 
89 22 35 
74 23 62 
32 77 8 
9 60 41 
80 2 59 
79 52 91 
33 97 52 
71 37 30 
20 30 45 
11 88 37 
87 94 89 
87 46 80 
19 64 6 
37 55 27 
58 29 90 
89 51 47 
23 39 56 
95 44 85 
55 66 57 
89 46 13 
4 68 80 
7 96 8 
42 24 8 
86 10 6 
49 51 33 
91 61 24 
17 32 7 
27 7 21 
25 97 79 
79 57 89 
55 19 65 
44 41 91 
88 50 69 
40 42 84 
35 47 4 
71 15 22 
94 55 8 
38 57 72 
64 85 58 
50 58 30 
4 53 51 
71 35 81 
62 51 98 
44 70 10 
3 42 73 
10 58 74 
3 24 63 
48 47 27 
19 9 8 
37 87 19 
77 45 60 
36 78 29 
5 32 22 
65 70 17 
64 59 44 
57 95 4 
55 56 9 
98 43 18 
75 27 91 
9 82 74 
96 94 90 
97 15 7 
19 14 89 
91 46 95 
31 53 91 
89 60 8 
78 66 57 
55 99 21 
77 43 84 
4 44 8 
46 1 39 
18 10 68 
47 54 36 
25 49 12 
33 44 34 
25 8 36 
33 35 38 
68 67 63 
4 9 53 
31 96 30 
37 27 40 
90 4 80 
75 79 76 
62 59 89 
61 71 43 
90 1 10 
17 33 92 
25 88 40 
79 56 54 
56 65 44 
48 23 7 
3 9 90 
54 59 62 
19 11 10 
64 43 23 
85 78 65 
66 62 99 
10 12 56 
46 91 29 
60 66 2 
14 97 54 
98 48 86 
5 36 58 
23 94 80 
27 18 22 
59 87 8 
3 76 17 
34 38 53 
33 68 25 
89 48 12 
78 56 4 
10 8 36 
64 100 3 
49 84 95 
72 54 74 
35 91 78 
14 97 49 
41 40 51 
26 64 79 
98 40 41 
73 44 10 
98 71 56 
82 87 63 
67 55 14 
24 5 44 
72 77 93 
58 56 90 
3 37 100 
6 77 98 
43 71 70 
4 100 3 
75 88 23 
9 84 69 
63 44 33 
52 16 93 
77 80 55 
5 87 84 
31 73 23 
36 26 73 
60 19 14 
22 94 84 
30 96 87 
53 63 44 
33 25 73 
49 40 66 
92 48 5 
67 24 23 
34 8 91 
19 59 82 
33 40 36 
57 93 11 
64 43 10 
19 55 41 
85 55 94 
32 47 1 
25 61 100 
33 14 28 
30 65 87 
60 64 91 
90 7 91 
90 80 51 
19 82 100 
32 7 87 
56 96 97 
84 50 88 
83 38 14 
77 42 65 
1 23 66 
82 41 42 
31 35 54 
27 10 32 
50 17 35 
73 47 53 
35 31 6 
89 94 34 
23 69 31 
2 47 24 
63 66 36 
73 7 92 
80 51 22 
28 57 61 
39 31 19 
8 1 50 
27 80 98 
64 7 93 
72 82 48 
15 24 98 
44 28 57 
78 73 69 
86 97 39 
70 84 67 
60 30 1 
73 10 50 
16 8 10 
71 14 9 
16 6 42 
90 57 96 
58 60 4 
64 100 55 
100 82 48 
60 67 46 
26 7 83 
19 54 46 
40 62 80 
11 36 17 
61 88 75 
43 87 37 
25 76 12 
9 3 52 
19 74 7 
14 37 70 
82 38 50 
10 52 80 
43 74 95 
95 2 74 
33 66 51 
56 95 15 
61 28 70 
73 68 82 
19 24 9 
54 14 56 
23 79 5 
96 25 58 
21 55 31 
93 56 86 
80 53 40 
74 5 56 
52 63 14 
44 76 1 
10 64 19 
16 36 19 
49 93 27 
56 13 95 
61 51 5 
63 96 76 
82 49 84 
50 30 23 
26 33 98 
24 50 3 
20 61 79 
31 62 79 
98 59 74 
61 97 29 
100 89 19 
41 51 21 
40 56 57 
78 67 58 
61 1 52 
95 49 77 
100 84 74 
38 94 24 
40 26 75 
21 99 24 
68 93 90 
76 28 80 
66 99 37 
79 100 11 
21 12 57 
72 58 48 
33 21 31 
20 31 10 
14 45 11 
73 12 64 
10 50 2 
20 6 7 
5 73 27 
75 63 79 
34 63 76 
22 43 68 
8 23 63 
78 66 51 
35 86 99 
42 36 49 
92 55 23 
62 93 28 
46 64 65 
55 85 8 
73 7 60 
99 79 30 
49 98 59 
75 25 62 
98 71 3 
97 62 100 
75 55 54 
78 97 44 
51 3 54 
37 41 11 
82 80 84 
77 71 55 
73 85 49 
27 80 23 
76 69 36 
18 12 76 
78 72 81 
53 56 92 
49 70 46 
99 78 59 
33 14 21 
88 4 53 
84 91 80 
3 37 33 
6 28 70 
60 28 26 
49 75 42 
60 3 66 
8 26 98 
75 72 48 
21 1 7 
81 32 50 
63 30 27 
57 70 50 
44 24 75 
82 13 39 
75 61 62 
19 40 53 
19 61 96 
64 14 52 
32 50 84 
75 29 51 
48 16 77 
88 2 52 
40 88 14 
18 51 44 
78 83 62 
58 76 87 
37 87 82 
48 24 41 
37 68 2 
82 25 42 
48 17 16 
38 18 62 
1 71 97 
42 58 51 
31 62 14 
75 100 32 
89 39 38 
97 5 11 
48 27 16 
36 65 41 
33 45 56 
75 68 4 
78 61 66 
17 44 13 
21 32 9 
5 37 15 
16 78 39 
38 70 66 
67 40 86 
57 39 50 
15 84 30 
24 2 57 
4 9 7 
3 37 50 
41 87 19 
29 10 2 
77 75 15 
38 15 22 
27 35 63 
84 30 96 
95 46 27 
12 81 78 
46 95 60 
23 36 46 
50 42 47 
43 22 26 
59 73 68 
93 12 82 
6 59 68 
22 33 39 
79 94 10 
73 80 32 
30 49 85 
99 72 80 
10 47 5 
76 100 27 
96 51 92 
23 73 86 
59 67 40 
28 27 12 
63 81 72 
42 28 4 
52 63 42 
5 76 14 
8 4 67 
73 9 47 
28 48 81 
84 20 58 
49 70 16 
96 82 100 
17 72 6 
93 23 2 
11 99 22 
67 28 98 
86 83 35 
90 74 2 
22 96 33 
23 52 75 
99 42 29 
25 24 44 
67 10 55 
4 26 93 
8 83 72 
39 91 2 
26 57 3 
30 23 81 
30 29 59 
72 73 60 
20 71 62 
35 100 65 
6 58 59 
85 14 19 
85 43 26 
8 98 45 
3 77 57 
74 62 96 
68 29 52 
44 78 42 
66 29 67 
56 69 26 
17 31 28 
41 89 80 
54 70 40 
87 48 70 
34 24 29 
24 45 71 
3 50 59 
81 3 83 
83 91 50 
29 9 22 
77 41 94 
24 98 49 
14 8 5 
21 53 91 
80 24 68 
39 56 67 
13 76 38 
70 13 14 
94 66 8 
44 63 73 
22 36 63 
67 31 15 
1 65 78 
27 39 42 
100 90 38 
72 49 9 
33 22 11 
35 28 40 
29 11 24 
25 26 42 
42 46 100 
91 10 56 
75 58 67 
50 77 31 
92 34 85 
21 40 73 
67 70 90 
47 62 33 
45 84 76 
34 41 86 
94 55 90 
12 88 7 
99 34 88 
86 25 71 
67 10 46 
51 49 86 
33 65 38 
77 65 33 
51 75 87 
34 3 32 
16 29 48 
45 37 24 
21 55 5 
93 39 85 
5 13 53 
32 99 59 
15 90 88 
80 22 97 
16 91 86 
78 56 70 
28 25 80 
92 81 93 
43 15 26 
45 38 51 
51 81 76 
3 29 85 
29 21 25 
67 73 38 
51 3 11 
61 75 76 
31 8 36 
46 62 32 
38 44 5 
20 68 34 
52 85 76 
95 87 35 
77 85 63 
74 85 54 
42 90 32 
51 49 62 
52 44 35 
16 12 55 
77 60 96 
4 1 32 
95 40 31 
63 18 39 
77 43 73 
94 91 86 
8 59 28 
5 4 36 
6 96 87 
6 32 67 
13 56 78 
93 34 31 
23 14 69 
68 56 51 
4 72 10 
19 83 73 
11 78 50 
23 76 31 
66 4 5 
99 20 77 
85 31 84 
87 36 62 
18 10 44 
6 35 82 
52 95 18 
98 86 42 
17 9 1 
8 40 35 
21 13 55 
83 8 37 
30 74 40 
79 82 56 
74 40 55 
3 75 39 
70 82 79 
72 35 19 
80 19 91 
42 25 38 
70 83 73 
47 55 88 
24 15 26 
47 87 9 
14 52 80 
30 77 37 
74 20 54 
76 82 22 
18 2 14 
11 12 28 
75 50 59 
33 77 38 
94 19 70 
42 69 75 
14 85 90 
96 45 57 
13 98 92 
16 23 9 
14 27 46 
61 67 7 
38 34 28 
31 26 96 
24 66 45 
12 13 20 
56 16 69 
49 48 53 
21 49 8 
85 2 25 
63 67 25 
28 27 81 
59 36 53 
56 21 12 
32 81 27 
59 48 31 
75 20 89 
25 62 13 
33 65 52 
71 67 83 
45 66 22 
46 39 87 
95 37 30 
94 49 34 
90 95 54 
11 29 71 
62 34 100 
27 87 37 
20 94 82 
27 42 95 
66 92 18 
34 13 36 
87 39 74 
11 53 59 
43 4 10 
18 9 33 
39 66 77 
68 35 71 
20 50 88 
14 62 79 
69 14 95 
4 14 15 
54 76 3 
55 4 99 
68 99 59 
33 54 14 
25 61 2 
95 89 38 
83 37 27 
93 71 48 
2 54 83 
65 56 62 
95 2 4 
13 11 68 
75 96 64 
23 44 45 
54 5 71 
92 28 25 
50 34 95 
89 31 51 
68 86 22 
71 17 81 
64 93 91 
61 18 83 
73 41 60 
95 74 70 
29 31 25 
65 95 49 
35 59 84 
83 58 36 
34 81 21 
88 65 14 
21 100 22 
1 24 22 
36 62 4 
54 9 36 
62 61 85 
38 54 41 
6 91 5 
22 17 31 
59 70 12 
79 52 97 
46 89 76 
40 19 46 
13 48 52 
33 19 57 
81 68 47 
40 43 64 
87 15 97 
59 87 54 
78 62 43 
55 54 43 
99 32 2 
37 99 57 
99 86 71 
20 78 35 
28 48 61 
6 49 55 
92 8 44 
64 37 42 
68 45 55 
1 73 32 
34 6 57 
1 95 54 
79 50 22 
93 98 22 
3 17 62 
53 34 35 
13 61 24 
94 59 38 
16 45 21 
57 69 3 
49 45 98 
57 82 76 
100 80 37 
7 99 98 
8 79 38 
82 96 7 
30 78 29 
29 25 73 
55 94 75 
33 39 100 
1 24 15 
23 81 27 
73 62 39 
95 76 42 
85 33 88 
49 61 80 
78 11 70 
71 19 49 
29 71 63 
25 88 41 
38 25 91 
75 49 89 
29 87 49 
37 68 9 
10 74 29 
31 24 62 
6 62 37 
14 40 34 
44 72 96 
92 40 19 
11 55 17 
58 45 15 
3 96 78 
83 59 10 
76 68 51 
7 9 66 
9 38 58 
31 60 39 
4 78 27 
54 39 31 
5 99 21 
90 93 24 
14 86 65 
72 14 89 
29 98 58 
16 15 11 
5 47 38 
91 68 21 
18 31 16 
90 80 18 
18 63 73 
73 66 85 
21 40 43 
24 86 67 
80 69 24 
42 78 14 
4 10 8 
76 72 6 
14 92 94 
30 65 21 
87 10 11 
81 63 18 
1 12 7 
64 10 58 
80 10 55 
53 49 90 
45 92 66 
44 7 60 
21 62 51 
70 68 72 
73 84 53 
35 89 92 
40 77 42 
2 62 36 
92 37 19 
87 20 78 
29 82 70 
42 91 100 
61 54 63 
83 3 35 
19 97 78 
84 83 97 
60 69 70 
6 89 63 
41 88 87 
42 38 19 
38 29 2 
35 56 100 
43 63 61 
40 34 87 
89 98 40 
85 87 84 
15 68 25 
16 43 81 
41 89 71 
73 48 27 
78 67 100 
74 84 33 
11 9 25 
50 4 86 
74 52 81 
82 52 54 
68 51 83 
53 98 27 
86 38 75 
58 32 21 
66 86 29 
23 57 41 
80 10 61 
39 81 70 
34 31 25 
57 51 9 
74 78 71 
30 38 48 
64 81 89 
15 27 93 
72 33 45 
26 8 68 
22 64 78 
17 45 82 
75 54 63 
55 52 40 
100 34 4 
55 90 62 
27 18 78 
45 80 79 
6 51 57 
99 41 14 
40 90 51 
80 31 55 
70 93 44 
8 67 77 
74 9 96 
45 79 20 
77 22 78 
27 77 98 
98 16 29 
93 72 13 
67 55 13 
26 62 14 
37 38 93 
27 15 22 
4 75 32 
25 27 58 
11 38 85 
81 97 31 
52 13 58 
56 43 10 
26 31 53 
43 13 88 
25 64 6 
16 10 73 
65 21 18 
87 8 25 
68 60 31 
48 21 3 
56 39 11 
98 82 99 
52 50 78 
18 44 40 
27 74 36 
11 57 5 
41 40 57 
72 43 18 
20 88 12 
41 87 35 
47 11 57 
62 100 18 
74 75 70 
10 40 73 
73 30 47 
79 32 84 
78 19 69 
34 7 28 
23 66 97 
28 8 24 
36 69 18 
39 25 59 
64 47 93 
75 88 21 
93 80 37 
38 25 31 
96 54 60 
14 78 95 
72 89 15 
75 94 61 
39 44 8 
1 59 62 
27 21 31 
97 99 27 
14 71 78 
22 75 40 
5 78 47 
70 84 37 
8 100 21 
4 91 19 
77 83 99 
47 85 56 
85 79 40 
29 100 62 
77 78 62 
63 98 87 
38 68 75 
10 47 4 
69 71 25 
79 59 68 
86 77 19 
76 50 84 
36 49 17 
10 1 80 
18 35 95 
2 48 12 
72 40 14 
76 69 40 
30 25 84 
83 29 7 
63 38 36 
20 38 85 
21 12 47 
49 45 57 
67 55 34 
16 99 63 
72 59 41 
20 96 26 
46 53 6 
86 27 7 
30 40 27 
64 55 52 
82 2 40 
3 93 44 
68 46 31 
19 44 16 
81 55 15 
7 3 100 
98 82 57 
38 21 30 
80 70 47 
16 62 28 
80 94 13 
2 44 10 
3 26 56 
31 91 21 
68 64 67 
68 46 66 
20 31 71 
15 89 62 
45 56 72 
13 54 28 
17 94 37 
24 82 25 
75 83 78 
31 81 39 
97 26 7 
56 93 14 
61 16 43 
40 94 16 
56 87 85 
11 88 89 
60 17 26 
1 50 91 
35 46 61 
32 26 37 
9 92 80 
66 95 24 
83 5 29 
1 81 8 
4 65 25 
1 64 23 
43 51 25 
34 13 76 
64 12 71 
16 42 10 
8 54 49 
65 94 77 
87 81 24 
6 99 64 
49 37 79 
30 36 7 
89 94 68 
20 93 64 
17 80 25 
46 80 9 
78 20 81 
49 90 15 
89 40 22 
40 19 7 
60 71 6 
38 43 89 
29 32 51 
4 50 80 
35 36 67 
16 45 58 
27 11 74 
35 33 91 
25 42 56 
23 95 63 
56 100 98 
25 16 32 
43 69 34 
1 79 40 
63 49 17 
39 3 51 
18 89 67 
28 1 54 
97 7 35 
28 11 52 
19 36 1 
11 66 87 
86 60 81 
97 61 72 
56 60 81 
46 37 53 
29 57 27 
45 47 27 
88 57 30 
32 94 34 
49 35 87 
86 7 4 
34 22 10 
57 60 78 
20 79 14 
38 49 92 
55 65 24 
69 72 44 
3 7 18 
57 10 85 
56 28 35 
49 58 52 
43 2 69 
5 8 28 
76 63 29 
44 23 76 
13 52 23 
15 24 18 
98 82 22 
60 21 38 
30 39 45 
15 83 18 
72 55 21 
21 50 14 
51 78 53 
48 37 43 
52 50 62 
35 88 5 
100 9 83 
66 2 98 
26 90 46 
38 15 25 
33 46 50 
20 15 26 
24 30 86 
38 67 93 
12 90 62 
33 72 94 
91 20 70 
20 68 16 
38 81 7 
11 28 72 
87 88 95 
48 29 11 
64 72 21 
54 66 43 
12 44 72 
92 53 36 
37 11 62 
14 83 7 
41 32 87 
43 66 74 
48 15 44 
31 15 69 
53 28 22 
33 15 80 
72 37 50 
72 16 100 
67 58 83 
36 14 78 
42 46 3 
48 28 53 
15 62 27 
23 97 89 
12 51 43 
56 38 17 
58 9 47 
71 15 19 
59 68 74 
29 94 96 
64 66 27 
39 10 11 
45 55 41 
14 40 66 
84 57 32 
48 98 8 
18 59 80 
1 94 32 
66 12 27 
35 81 80 
53 21 78 
90 42 86 
34 20 10 
67 55 35 
33 41 37 
99 30 43 
90 19 73 
43 15 47 
77 32 59 
95 81 69 
22 57 47 
5 81 70 
9 29 34 
76 91 7 
25 87 45 
55 31 52 
19 86 92 
69 99 29 
61 56 48 
32 11 52 
27 60 91 
61 43 10 
93 83 50 
37 74 7 
39 91 33 
68 72 40 
4 41 40 
44 66 97 
20 66 74 
34 25 17 
34 44 98 
31 28 32 
99 12 48 
36 62 76 
10 29 33 
74 89 2 
27 62 25 
53 93 100 
37 80 49 
25 94 39 
2 54 6 
43 96 25 
13 18 58 
51 58 29 
75 22 96 
60 70 3 
42 43 1 
64 98 59 
33 93 44 
95 11 16 
24 88 75 
23 32 22 
58 33 22 
20 54 29 
78 14 96 
68 66 72 
61 83 66 
74 8 50 
78 91 12 
18 56 51 
19 72 10 
36 34 78 
97 99 40 
20 44 26 
4 24 3 
13 40 61 
52 97 6 
22 69 98 
62 49 63 
77 91 85 
72 31 82 
45 30 77 
11 57 78 
44 93 23 
53 90 41 
16 90 47 
38 62 9 
67 81 74 
43 32 33 
89 33 46 
21 2 77 
8 20 51 
87 71 40 
61 63 10 
11 44 73 
45 93 8 
71 34 89 
63 71 26 
74 29 82 
43 24 7 
38 70 88 
79 81 1 
40 53 44 
10 22 65 
43 92 96 
89 29 14 
12 23 97 
83 38 91 
73 50 40 
48 20 6 
57 63 17 
23 95 69 
62 23 7 
87 18 81 
23 12 88 
83 9 38 
67 23 5 
67 76 95 
8 41 2 
37 57 2 
9 85 98 
20 48 92 
56 99 47 
10 22 66 
60 66 13 
39 79 36 
40 97 90 
57 99 2 
35 39 71 
34 11 73 
63 10 14 
43 75 28 
61 22 42 
88 29 47 
5 49 96 
49 21 53 
58 9 23 
17 4 3 
46 12 26 
71 33 83 
82 33 55 
58 89 73 
87 35 78 
89 22 59 
58 22 70 
24 22 32 
13 25 34 
22 99 20 
18 66 46 
46 70 97 
38 90 51 
98 42 27 
74 33 59 
89 85 38 
8 23 2 
36 30 47 
4 42 5 
41 98 96 
62 98 47 
34 36 20 
20 15 17 
64 92 14 
60 67 41 
68 85 50 
15 42 92 
29 100 7 
51 15 78 
3 15 71 
57 65 22 
13 47 6 
22 68 23 
31 81 95 
85 44 1 
13 16 51 
59 54 17 
90 61 76 
99 46 27 
4 25 67 
78 18 15 
79 66 55 
80 8 65 
76 73 44 
67 73 6 
94 78 91 
3 12 7 
49 43 95 
34 82 77 
29 22 18 
93 77 16 
15 25 4 
51 18 25 
12 79 3 
15 22 16 
55 16 63 
17 71 98 
82 47 54 
55 92 67 
21 45 2 
48 74 98 
19 76 8 
63 26 100 
100 14 50 
30 96 85 
22 77 29 
62 97 22 
8 28 38 
26 53 100 
10 49 37 
45 38 30 
78 3 13 
53 91 77 
25 72 2 
27 100 12 
68 9 56 
64 1 86 
22 60 45 
18 72 68 
24 8 40 
12 10 24 
56 77 86 
89 55 37 
52 95 49 
89 38 86 
49 62 45 
75 60 55 
29 47 83 
89 41 96 
36 61 62 
97 96 37 
86 18 19 
86 72 16 
82 96 45 
73 41 85 
88 62 98 
7 32 30 
64 67 13 
23 16 83 
76 62 56 
100 27 41 
26 94 86 
52 12 40 
19 88 86 
70 18 1 
93 95 45 
63 80 93 
11 23 48 
29 17 15 
35 22 59 
30 74 2 
35 86 60 
46 6 9 
76 73 50 
95 10 15 
60 6 8 
97 21 23 
90 39 34 
62 21 66 
25 48 89 
66 6 35 
83 58 33 
52 5 34 
27 68 4 
92 100 95 
2 55 88 
10 34 35 
75 14 59 
6 32 43 
27 7 100 
90 11 13 
39 27 38 
72 88 65 
43 30 14 
97 20 7 
39 100 62 
92 58 55 
28 62 53 
22 31 51 
40 2 9 
8 25 19 
4 94 83 
27 37 61 
54 72 70 
80 60 51 
18 34 58 
69 5 82 
100 88 70 
78 1 74 
13 62 75 
98 34 1 
42 87 25 
30 55 74 
73 14 48 
61 65 69 
49 96 83 
98 43 77 
81 38 82 
74 8 68 
54 34 66 
17 65 25 
52 51 54 
68 98 37 
64 73 98 
17 13 15 
84 97 86 
26 10 57 
16 72 68 
89 61 54 
13 59 84 
82 67 63 
19 96 85 
85 43 18 
78 40 66 
28 94 18 
88 29 68 
24 59 15 
51 18 32 
58 41 4 
90 17 16 
24 19 32 
39 17 3 
77 74 24 
56 26 4 
99 38 72 
30 100 2 
68 14 86 
3 41 67 
16 80 30 
5 35 90 
100 29 59 
84 53 97 
31 56 57 
25 64 76 
31 64 36 
80 54 84 
41 25 78 
80 13 69 
31 36 38 
29 84 76 
3 7 21 
3 74 86 
99 49 73 
46 36 78 
7 3 8 
6 28 98 
11 14 62 
98 4 31 
45 91 31 
38 20 76 
19 49 72 
19 5 50 
11 91 24 
66 85 46 
74 41 47 
76 89 38 
87 46 81 
8 73 93 
39 64 74 
27 8 91 
91 51 5 
37 78 5 
16 76 24 
85 39 87 
56 34 69 
86 97 58 
69 14 73 
63 33 86 
31 22 44 
100 87 22 
54 87 55 
80 57 10 
15 61 22 
35 49 8 
59 46 71 
28 44 43 
29 81 11 
97 17 44 
3 75 21 
12 65 30 
19 33 3 
38 23 5 
3 32 8 
91 46 70 
59 54 40 
76 12 62 
59 33 97 
31 100 77 
59 3 53 
49 95 59 
36 65 47 
93 17 34 
28 45 56 
8 16 29 
34 18 22 
15 97 54 
21 85 92 
25 41 52 
86 81 11 
10 100 65 
66 48 83 
34 71 80 
40 96 77 
35 88 43 
65 71 95 
40 20 59 
91 43 54 
19 17 22 
27 31 25 
56 77 38 
59 54 45 
10 97 81 
59 66 46 
72 54 40 
54 87 11 
32 96 28 
65 82 99 
92 30 35 
98 28 44 
21 13 14 
45 62 24 
24 58 94 
17 86 70 
64 26 93 
15 47 56 
63 95 38 
27 2 99 
26 69 16 
74 69 8 
34 89 99 
9 36 21 
22 33 83 
14 50 8 
20 100 29 
78 97 11 
52 28 51 
18 32 10 
62 52 66 
7 69 48 
63 9 42 
48 59 88 
48 5 19 
65 2 21 
62 7 20 
98 40 44 
23 76 19 
62 29 67 
90 4 25 
90 24 36 
46 24 15 
56 41 70 
48 18 8 
72 83 70 
27 55 80 
35 76 36 
10 94 29 
90 84 41 
45 95 49 
10 24 14 
39 34 5 
26 44 100 
24 52 9 
12 31 1 
15 7 99 
25 62 49 
25 39 54 
51 12 7 
63 89 37 
41 36 91 
36 93 71 
6 24 22 
65 2 90 
64 97 22 
83 17 46 
63 15 12 
79 52 19 
33 5 27 
44 70 51 
93 8 86 
83 23 42 
42 70 7 
70 16 40 
39 79 38 
68 38 66 
4 47 7 
82 42 26 
14 99 23 
61 23 53 
4 74 40 
11 2 72 
4 94 97 
87 71 31 
2 41 66 
69 21 84 
92 91 57 
27 59 33 
1 62 30 
4 96 37 
1 73 25 
2 41 83 
94 46 28 
28 72 88 
45 49 33 
66 4 45 
31 51 36 
10 67 75 
67 15 89 
3 99 17 
47 80 98 
2 1 38 
75 55 66 
32 31 78 
6 63 73 
81 31 94 
56 5 44 
56 15 17 
91 52 5 
14 89 65 
63 32 26 
75 94 34 
29 18 20 
95 82 24 
61 44 46 
35 80 27 
1 10 19 
100 4 48 
95 78 42 
37 94 35 
53 56 79 
24 16 74 
42 26 28 
14 52 7 
38 42 81 
53 25 17 
14 68 69 
17 76 23 
17 3 81 
43 18 16 
86 88 17 
6 44 9 
13 47 99 
22 35 93 
8 35 48 
39 27 64 
7 26 1 
74 42 22 
55 66 22 
52 38 42 
20 2 57 
97 98 36 
8 64 19 
40 44 8 
26 94 44 
43 71 79 
49 13 1 
29 74 4 
10 88 27 
75 29 58 
52 41 58 
1 74 24 
86 88 52 
33 5 82 
26 81 33 
39 13 17 
65 49 64 
94 52 68 
73 51 36 
17 68 36 
58 16 28 
71 49 46 
67 34 13 
67 37 92 
97 45 5 
42 84 81 
80 37 71 
56 18 71 
73 61 9 
54 86 70 
17 81 12 
37 67 62 
48 24 90 
93 95 76 
34 49 5 
66 93 12 
6 69 37 
44 38 88 
11 20 21 
70 1 31 
52 18 87 
74 13 60 
87 75 3 
92 90 31 
41 94 1 
34 16 65 
73 16 61 
51 29 14 
30 59 27 
6 26 42 
5 33 16 
30 98 50 
69 82 7 
57 71 9 
99 83 62 
47 19 87 
92 22 35 
5 45 73 
76 33 84 
10 7 82 
51 33 21 
8 37 9 
60 39 92 
76 73 9 
75 26 100 
21 41 19 
27 43 99 
91 32 65 
35 28 18 
58 23 86 
73 33 84 
90 23 36 
41 43 39 
73 86 95 
82 26 67 
78 51 61 
54 44 77 
35 75 20 
16 30 43 
85 22 81 
76 61 46 
90 4 75 
36 67 76 
98 84 4 
46 87 29 
48 58 40 
89 97 27 
29 67 60 
38 10 34 
40 61 81 
99 49 24 
5 58 56 
41 88 12 
85 87 43 
72 32 57 
73 74 8 
67 11 92 
21 99 97 
26 77 21 
84 25 39 
33 17 36 
42 19 26 
93 8 98 
7 79 38 
68 14 90 
72 25 46 
6 5 42 
27 78 35 
50 4 43 
95 17 28 
27 54 9 
23 32 66 
35 14 21 
18 36 14 
64 52 40 
41 27 87 
21 65 81 
75 88 55 
32 54 80 
20 79 49 
98 28 69 
1 52 71 
80 1 89 
79 48 52 
27 24 65 
73 80 1 
53 39 66 
27 15 23 
92 90 88 
48 86 30 
84 1 65 
13 32 25 
26 90 89 
1 35 50 
80 81 29 
32 82 22 
90 32 39 
56 71 29 
20 33 17 
60 97 47 
100 1 85 
60 22 99 
99 45 26 
48 26 54 
20 73 87 
31 44 27 
75 96 24 
81 45 18 
55 88 89 
62 58 66 
18 83 71 
43 41 80 
27 32 8 
48 19 24 
44 19 57 
18 37 46 
76 79 54 
51 34 31 
51 35 90 
78 63 84 
35 11 44 
15 35 42 
94 66 47 
29 33 90 
68 3 50 
73 38 29 
77 6 74 
56 36 12 
42 18 38 
35 69 23 
50 56 19 
71 73 77 
10 44 23 
8 25 14 
92 24 36 
49 2 75 
96 50 63 
21 81 9 
81 49 66 
100 86 64 
76 3 84 
43 53 35 
47 24 76 
25 38 100 
40 24 78 
21 91 86 
88 47 43 
98 85 36 
21 81 25 
71 21 13 
3 91 25 
80 51 48 
18 16 59 
6 19 95 
28 10 52 
97 23 32 
20 11 2 
43 39 54 
36 93 66 
68 7 57 
83 2 27 
2 39 60 
88 63 12 
39 98 63 
6 1 88 
63 16 44 
2 26 34 
39 51 34 
81 84 52 
45 10 34 
49 48 80 
94 98 3 
78 62 25 
85 88 17 
7 66 82 
93 79 66 
97 98 83 
89 42 39 
88 35 94 
42 71 90 
52 65 8 
81 45 51 
44 54 30 
92 91 88 
77 59 58 
5 24 42 
60 27 24 
72 82 2 
29 28 26 
78 10 4 
51 13 95 
54 88 82 
38 64 2 
24 87 42 
65 85 24 
86 27 14 
55 87 50 
3 26 12 
80 19 64 
26 61 82 
5 23 71 
13 83 85 
99 100 34 
81 58 35 
10 89 22 
20 7 3 
28 25 65 
13 83 66 
78 80 37 
47 25 78 
8 3 31 
86 79 4 
97 26 42 
75 92 37 
52 35 48 
68 2 100 
50 71 97 
1 66 56 
71 43 95 
49 22 58 
80 52 94 
97 14 24 
4 12 28 
20 57 96 
25 100 76 
41 86 47 
27 33 67 
39 13 19 
3 9 34 
48 7 27 
86 27 37 
34 87 100 
3 99 9 
82 27 57 
16 87 29 
7 6 26 
33 31 9 
96 40 100 
24 72 71 
32 51 38 
33 47 38 
49 69 2 
33 47 83 
38 52 73 
77 74 55 
1 98 68 
83 96 64 
84 38 34 
2 42 48 
43 62 77 
80 1 97 
46 79 11 
50 44 27 
98 79 58 
55 34 56 
84 25 40 
19 85 75 
95 58 84 
34 28 69 
11 82 15 
5 17 62 
80 96 17 
100 39 54 
99 86 30 
58 82 70 
76 38 60 
3 19 85 
98 9 15 
53 70 9 
47 74 86 
91 55 48 
75 65 72 
55 47 93 
90 76 11 
84 86 98 
36 75 11 
10 6 36 
79 36 58 
59 56 20 
64 39 59 
2 10 9 
7 74 90 
86 5 76 
65 3 14 
54 87 48 
46 65 49 
97 12 2 
65 21 10 
41 80 75 
94 2 73 
42 5 44 
39 57 65 
84 18 47 
7 29 34 
49 16 69 
79 60 53 
71 46 84 
30 78 8 
71 82 21 
16 11 88 
37 36 62 
78 88 46 
3 95 69 
41 76 25 
23 87 95 
9 94 76 
46 27 80 
1 4 35 
33 60 62 
84 51 87 
15 86 54 
94 24 91 
14 37 31 
13 74 33 
79 94 44 
90 98 3 
94 37 50 
83 15 51 
82 32 49 
85 49 15 
20 70 52 
9 8 45 
7 68 8 
43 17 6 
43 2 80 
11 45 15 
73 17 43 
96 49 16 
34 19 37 
66 21 14 
79 26 68 
37 71 57 
76 46 68 
17 81 21 
13 64 80 
22 38 46 
19 80 85 
3 26 85 
61 52 49 
59 88 95 
66 99 9 
79 8 56 
23 65 88 
100 46 94 
33 31 74 
44 19 54 
1 73 86 
93 36 68 
72 52 54 
86 77 35 
18 44 36 
49 95 1 
66 93 29 
52 16 70 
34 15 75 
65 90 12 
32 48 99 
42 68 4 
50 9 58 
33 26 30 
69 49 59 
27 44 52 
74 36 100 
82 21 63 
83 16 41 
74 65 82 
70 21 37 
63 1 42 
85 81 80 
55 1 99 
50 49 17 
83 24 55 
98 5 19 
47 58 91 
77 91 78 
26 43 81 
8 12 86 
26 83 75 
11 56 50 
15 24 39 
16 5 31 
72 34 3 
25 81 77 
98 80 21 
19 69 40 
64 65 97 
72 12 59 
78 68 41 
67 28 22 
54 74 76 
99 6 77 
97 57 68 
88 6 62 
78 21 2 
45 89 78 
33 93 64 
68 14 45 
8 38 71 
45 19 65 
84 54 52 
63 27 66 
70 84 64 
77 82 98 
43 83 67 
37 96 87 
35 22 8 
15 64 12 
59 84 95 
34 98 64 
63 20 89 
100 61 16 
35 51 17 
79 62 29 
56 43 46 
40 17 13 
87 97 67 
80 35 70 
89 71 81 
23 70 60 
3 63 76 
69 48 60 
5 55 83 
25 8 100 
74 100 72 
13 94 24 
36 71 88 
53 18 70 
33 54 100 
50 53 15 
34 59 19 
5 65 31 
13 25 2 
94 69 58 
94 46 47 
22 27 33 
62 9 1 
78 63 58 
53 62 14 
52 42 24 
75 64 22 
15 78 32 
93 4 75 
31 30 52 
34 23 84 
4 57 34 
93 14 28 
64 40 86 
21 19 5 
1 97 78 
46 30 23 
87 78 30 
36 78 2 
53 52 99 
98 22 77 
70 68 82 
60 87 99 
50 76 3 
81 19 63 
28 34 45 
96 98 72 
43 80 76 
99 12 86 
53 4 17 
51 62 73 
83 30 20 
10 80 76 
13 40 93 
27 35 97 
30 41 63 
30 13 59 
78 72 22 
49 64 84 
8 100 77 
79 71 61 
21 88 10 
88 65 34 
43 17 27 
26 36 95 
8 5 92 
62 60 18 
58 99 66 
36 32 68 
85 25 21 
71 13 46 
49 90 8 
8 48 12 
64 2 53 
95 82 79 
36 17 62 
43 79 31 
19 31 66 
39 35 76 
91 50 25 
52 40 66 
94 60 39 
89 52 2 
80 67 18 
35 16 65 
37 1 81 
61 66 51 
68 92 80 
20 69 45 
27 83 90 
71 70 83 
14 77 99 
38 28 4 
41 82 81 
98 31 24 
94 71 69 
17 29 60 
3 43 72 
11 33 53 
35 8 34 
51 99 25 
4 58 59 
77 75 50 
71 43 13 
15 33 86 
19 96 9 
16 35 63 
56 45 43 
24 69 98 
81 45 92 
98 19 2 
26 64 18 
3 47 22 
27 73 31 
28 27 65 
85 48 28 
37 46 71 
8 60 45 
87 22 97 
26 81 36 
37 28 81 
3 16 56 
73 49 54 
74 92 76 
7 25 46 
95 32 89 
40 60 68 
66 79 90 
66 22 95 
53 78 47 
94 50 59 
45 18 55 
78 74 8 
45 54 43 
14 11 88 
5 26 46 
25 38 93 
32 11 100 
18 11 16 
34 35 72 
30 11 18 
58 15 39 
25 82 27 
26 100 62 
78 9 58 
17 96 22 
64 20 46 
70 20 11 
93 26 98 
10 51 49 
69 85 66 
36 35 40 
31 67 84 
14 56 78 
46 2 9 
87 53 91 
53 71 86 
67 49 28 
21 99 8 
6 31 21 
52 64 65 
73 52 64 
92 9 87 
30 97 47 
5 8 98 
42 7 54 
81 60 21 
40 94 15 
1 82 2 
91 58 27 
74 97 20 
42 39 38 
41 76 43 
1 12 58 
66 85 13 
83 2 29 
79 66 88 
3 7 84 
1 72 79 
31 78 51 
81 44 51 
89 32 81 
79 89 75 
92 9 51 
45 65 29 
81 36 45 
92 83 7 
60 90 3 
7 36 29 
35 63 76 
76 19 81 
15 82 70 
53 62 34 
36 60 82 
61 92 52 
97 62 91 
90 6 8 
83 46 35 
6 28 34 
81 59 32 
84 4 48 
74 69 43 
6 9 2 
13 8 89 
17 31 66 
78 58 32 
13 57 59 
28 74 21 
29 26 47 
65 70 80 
73 32 94 
19 18 22 
70 72 95 
32 17 96 
13 6 48 
78 90 100 
63 11 83 
88 32 57 
74 37 97 
49 17 69 
50 78 3 
95 47 35 
33 32 8 
97 96 45 
33 31 13 
84 60 34 
42 86 66 
34 77 36 
27 80 29 
7 29 51 
91 74 93 
80 81 93 
97 14 9 
13 36 43 
37 52 67 
18 72 63 
22 89 14 
22 44 10 
24 20 89 
41 83 79 
26 51 64 
30 64 31 
17 84 82 
57 26 66 
78 58 70 
45 21 40 
92 98 72 
40 10 94 
61 56 59 
77 75 11 
99 75 87 
80 16 84 
16 69 31 
40 10 9 
52 94 83 
57 56 39 
29 13 96 
13 4 9 
35 70 49 
64 70 53 
49 21 86 
87 12 29 
10 25 21 
67 27 99 
61 37 39 
17 78 75 
4 48 83 
89 98 62 
78 58 11 
83 84 20 
29 31 4 
63 2 6 
88 30 46 
55 58 75 
92 64 93 
64 89 23 
68 15 61 
85 42 36 
66 27 98 
97 30 39 
85 8 46 
78 60 12 
45 14 65 
47 85 63 
8 24 7 
68 74 90 
15 53 84 
53 52 58 
32 94 42 
81 46 60 
53 70 36 
44 87 83 
10 47 21 
36 9 44 
4 81 86 
6 59 9 
60 63 20 
12 48 14 
63 61 67 
93 89 16 
28 40 26 
45 69 27 
22 12 9 
42 59 20 
6 87 39 
66 17 7 
85 44 18 
11 45 95 
14 21 38 
12 75 43 
42 78 76 
14 5 47 
84 68 7 
39 29 32 
74 3 42 
92 32 11 
100 86 88 
73 85 43 
54 82 74 
52 69 35 
10 99 57 
19 82 6 
50 26 47 
15 90 50 
20 9 7 
78 7 84 
90 77 48 
5 50 18 
92 48 99 
70 82 76 
29 80 13 
81 94 65 
74 22 94 
75 68 42 
63 3 38 
53 40 7 
88 91 7 
76 38 72 
81 47 8 
70 89 11 
95 6 38 
23 82 70 
20 2 49 
74 53 49 
85 44 96 
82 54 8 
45 35 15 
70 46 67 
7 20 86 
68 54 35 
47 31 90 
57 93 21 
17 25 70 
72 81 66 
84 56 4 
50 41 49 
16 33 95 
84 16 53 
23 26 43 
3 94 40 
58 71 63 
42 55 88 
77 85 20 
98 71 77 
59 47 95 
41 93 22 
2 35 99 
67 18 39 
35 23 74 
99 47 8 
16 2 6 
69 3 65 
81 60 67 
2 27 33 
22 93 66 
31 59 65 
4 79 15 
12 26 6 
85 78 68 
75 67 13 
64 87 86 
69 66 37 
35 66 47 
56 44 35 
28 10 21 
99 19 90 
22 41 1 
34 84 33 
69 49 68 
76 69 83 
49 60 41 
77 72 12 
30 22 55 
69 61 41 
38 7 23 
64 28 85 
75 80 27 
62 39 98 
22 42 13 
45 70 88 
37 12 77 
33 65 68 
64 15 60 
24 37 8 
25 47 30 
3 60 61 
94 86 99 
6 98 66 
99 88 9 
29 9 26 
75 84 43 
21 65 43 
93 24 29 
93 1 19 
76 97 14 
76 74 56 
99 17 73 
39 78 8 
13 27 46 
7 47 83 
14 30 38 
1 79 12 
53 40 77 
16 8 89 
48 8 15 
96 70 58 
29 69 20 
97 58 99 
73 29 53 
51 60 17 
26 1 80 
49 76 32 
25 79 13 
65 99 39 
41 39 60 
11 35 60 
18 87 38 
65 71 61 
18 16 22 
82 96 11 
43 53 73 
18 68 21 
57 24 87 
67 43 89 
67 1 48 
11 84 26 
4 61 10 
42 29 91 
67 94 76 
47 29 77 
71 70 92 
17 52 57 
51 19 33 
89 61 25 
32 7 91 
89 40 45 
37 78 90 
57 97 12 
31 40 2 
35 29 78 
9 55 10 
12 92 62 
49 70 61 
69 41 72 
64 95 68 
72 23 47 
46 40 86 
10 94 8 
27 80 39 
74 68 81 
10 68 40 
33 69 74 
97 65 29 
96 50 7 
22 55 81 
44 72 77 
86 7 80 
90 91 25 
44 80 49 
30 9 54 
25 36 10 
43 2 30 
20 16 69 
16 91 82 
90 31 97 
50 66 19 
33 50 79 
81 10 58 
23 28 87 
45 98 40 
28 4 54 
58 13 93 
78 6 74 
81 3 45 
85 50 17 
16 100 31 
39 51 73 
67 79 76 
18 71 67 
51 99 66 
90 21 76 
36 47 100 
1 67 4 
26 6 69 
74 92 20 
78 22 57 
90 28 6 
55 99 48 
30 17 19 
69 84 77 
48 32 47 
49 58 80 
72 18 83 
56 21 69 
36 64 9 
40 44 34 
10 67 94 
61 95 35 
74 51 27 
41 62 24 
29 73 2 
11 50 18 
3 18 20 
38 23 13 
54 73 91 
56 77 9 
18 78 86 
53 37 60 
93 50 82 
81 63 82 
92 21 58 
81 91 23 
50 63 53 
97 1 44 
69 13 3 
68 85 16 
63 66 38 
89 34 82 
11 99 23 
77 75 48 
87 79 47 
83 47 10 
20 83 5 
36 79 31 
35 67 82 
13 3 80 
92 18 5 
16 13 68 
48 43 38 
63 66 77 
47 7 62 
25 97 74 
80 92 4 
24 64 37 
7 85 4 
15 80 6 
100 92 89 
50 3 60 
48 76 37 
49 75 21 
75 44 50 
67 30 17 
19 40 52 
47 43 97 
69 85 75 
59 1 87 
74 25 67 
9 61 75 
58 4 43 
43 6 55 
15 14 22 
8 21 29 
66 24 10 
84 41 94 
31 82 81 
56 31 40 
35 62 10 
4 12 43 
13 49 32 
52 37 51 
69 80 90 
98 62 81 
5 75 36 
95 8 45 
30 47 16 
78 97 10 
100 19 55 
62 14 2 
77 71 66 
3 25 24 
22 60 68 
12 88 84 
23 82 1 
38 1 84 
98 95 100 
46 17 87 
3 90 49 
25 91 31 
71 11 15 
34 41 28 
99 28 46 
25 2 57 
86 73 53 
64 69 98 
63 37 22 
79 61 16 
8 92 66 
57 92 97 
49 1 70 
85 42 52 
90 45 82 
100 36 16 
15 72 70 
46 80 38 
81 36 68 
95 76 84 
65 14 11 
50 78 5 
4 54 74 
31 39 92 
38 56 96 
20 96 25 
66 84 81 
92 88 27 
46 98 33 
82 14 96 
61 100 66 
52 29 70 
75 88 13 
22 56 92 
44 26 49 
79 50 53 
19 37 85 
26 77 43 
54 86 29 
4 46 74 
17 59 26 
98 77 2 
52 99 16 
95 6 10 
36 51 49 
41 91 75 
60 28 9 
68 31 84 
59 11 46 
95 7 81 
96 93 22 
63 18 83 
77 2 89 
94 95 34 
4 73 34 
8 49 18 
26 29 51 
99 9 84 
83 7 52 
25 26 28 
82 87 22 
55 52 20 
5 44 63 
16 83 82 
98 3 70 
1 55 81 
32 99 51 
70 23 7 
45 39 75 
32 90 60 
82 43 63 
90 14 9 
15 4 55 
56 46 87 
4 75 30 
47 24 66 
81 47 12 
64 11 40 
80 89 12 
68 64 6 
75 94 87 
12 64 33 
65 64 18 
64 96 81 
76 52 69 
65 72 69 
25 57 72 
92 26 42 
50 22 97 
14 94 77 
28 2 26 
92 95 84 
40 96 14 
66 4 29 
4 1 91 
64 48 47 
70 90 88 
25 28 33 
18 25 56 
76 81 12 
83 44 32 
30 25 37 
29 99 97 
47 50 100 
55 70 31 
50 36 5 
45 14 28 
4 76 42 
11 16 46 
69 44 92 
29 41 53 
16 3 59 
67 41 36 
36 8 94 
10 59 26 
78 40 72 
59 70 66 
60 39 97 
78 64 45 
93 79 29 
62 28 89 
10 16 85 
61 7 54 
46 25 9 
43 93 23 
85 14 23 
39 11 81 
40 57 11 
100 42 23 
63 81 85 
11 14 97 
58 29 31 
34 12 31 
51 98 25 
28 87 100 
42 16 35 
71 30 41 
73 83 65 
92 84 83 
34 1 100 
65 58 8 
95 38 43 
16 72 2 
95 79 16 
28 43 98 
68 40 100 
68 17 92 
75 65 25 
99 1 88 
62 97 45 
83 11 58 
30 16 68 
48 20 69 
22 21 23 
45 58 73 
85 28 42 
51 53 11 
79 64 53 
100 83 22 
42 33 44 
30 1 20 
92 56 14 
26 30 15 
22 55 18 
96 53 69 
94 59 63 
24 74 28 
20 63 79 
21 88 93 
6 52 25 
50 78 34 
36 39 42 
89 21 43 
18 74 25 
35 60 76 
89 48 34 
95 77 84 
99 72 64 
11 77 86 
100 48 34 
33 59 17 
93 44 82 
16 59 33 
46 31 38 
86 4 21 
59 72 78 
27 47 50 
90 80 53 
50 7 42 
74 39 84 
36 21 57 
36 57 19 
98 39 79 
33 84 37 
76 74 35 
78 66 64 
4 13 39 
30 49 96 
50 12 51 
49 72 94 
4 47 46 
19 3 15 
39 77 42 
7 80 17 
93 85 86 
66 93 21 
97 72 38 
7 16 20 
17 68 91 
50 76 98 
5 26 20 
59 91 82 
85 70 82 
6 72 10 
84 21 94 
29 15 77 
63 16 36 
89 97 67 
37 24 88 
15 71 78 
14 41 45 
79 47 64 
18 3 99 
62 93 61 
48 82 80 
73 18 80 
32 36 33 
6 85 100 
22 48 99 
45 12 37 
18 49 64 
4 99 12 
42 8 30 
87 77 71 
19 37 71 
77 84 26 
40 63 61 
65 72 61 
53 52 87 
34 54 26 
90 76 73 
93 33 74 
24 22 36 
10 64 17 
32 27 47 
39 33 24 
59 52 56 
33 35 85 
15 96 12 
85 4 43 
18 15 49 
51 30 77 
39 80 18 
43 13 18 
34 33 3 
2 25 18 
18 47 23 
96 38 50 
17 10 32 
99 85 10 
11 100 13 
1 8 95 
96 46 73 
93 16 30 
57 60 5 
94 51 91 
93 68 38 
93 63 83 
25 68 41 
48 8 28 
39 57 12 
71 48 3 
4 79 19 
100 11 34 
34 28 1 
69 11 66 
20 23 48 
27 23 5 
40 80 95 
68 88 80 
53 8 37 
59 5 70 
27 36 5 
85 14 30 
46 38 98 
5 47 41 
12 32 33 
46 14 16 
12 27 2 
29 14 44 
2 30 25 
7 51 85 
19 74 6 
75 74 33 
51 70 56 
14 12 75 
92 23 24 
10 90 62 
28 39 83 
92 24 8 
17 22 97 
36 30 88 
14 62 36 
90 73 58 
44 47 1 
97 35 19 
45 25 96 
99 11 34 
86 77 37 
86 37 5 
68 25 73 
10 85 64 
16 32 24 
36 76 14 
25 50 20 
64 28 52 
45 38 17 
40 45 61 
42 9 30 
28 97 87 
26 97 58 
44 77 95 
75 71 89 
48 1 49 
5 62 75 
21 55 64 
31 47 15 
72 4 28 
84 61 33 
12 31 22 
33 17 62 
2 94 10 
90 30 18 
11 25 8 
50 82 85 
51 63 36 
3 90 92 
53 66 61 
29 33 89 
18 8 69 
95 22 9 
69 72 46 
33 14 69 
72 12 31 
79 52 17 
11 25 1 
58 50 90 
64 73 71 
11 38 1 
75 29 83 
10 79 9 
33 14 77 
92 83 95 
8 41 6 
80 45 69 
100 61 17 
7 38 5 
35 76 1 
88 31 64 
43 78 2 
34 49 9 
35 9 94 
64 59 12 
34 75 4 
75 56 24 
93 89 49 
37 72 76 
19 74 24 
85 90 89 
34 58 61 
15 26 66 
45 28 41 
58 98 45 
21 87 38 
48 27 33 
97 48 71 
84 9 14 
79 85 89 
63 95 14 
71 20 45 
75 2 63 
74 56 25 
25 54 17 
18 81 23 
37 40 15 
44 80 46 
13 27 29 
31 44 95 
54 10 97 
18 68 4 
20 39 97 
4 44 64 
2 90 99 
52 28 49 
47 27 60 
43 25 11 
90 71 19 
70 83 1 
48 60 51 
59 83 74 
23 99 66 
46 47 7 
57 32 54 
6 54 33 
17 68 79 
42 7 55 
99 1 36 
4 94 33 
30 70 45 
39 81 30 
30 43 89 
100 34 27 
7 10 14 
42 31 5 
61 65 68 
