5000
100 57 91 
100 44 26 
10 21 88 
74 19 24 
19 99 90 
80 2 43 
92 20 74 
30 33 45 
83 60 80 
85 44 6 
5 33 16 
89 98 62 
25 99 51 
31 12 1 
52 64 40 
79 91 23 
30 59 29 
70 42 7 
46 49 4 
46 98 53 
34 75 4 
20 97 74 
75 27 91 
12 1 14 
20 92 55 
92 9 32 
62 17 33 
90 31 71 
27 32 8 
89 32 81 
56 53 92 
72 41 34 
35 95 47 
57 95 62 
85 14 90 
46 76 89 
62 76 100 
89 34 71 
74 55 51 
40 76 64 
31 80 55 
36 67 81 
52 49 95 
35 86 83 
82 96 14 
73 39 62 
18 93 79 
38 8 28 
66 51 61 
26 97 50 
68 66 72 
17 12 81 
71 20 67 
86 53 71 
2 52 88 
16 99 52 
65 34 88 
17 51 26 
91 21 31 
31 96 71 
5 75 34 
16 79 95 
20 27 28 
12 27 2 
38 9 83 
13 72 93 
65 40 98 
57 38 40 
53 84 15 
46 7 51 
54 39 25 
87 59 1 
12 31 95 
9 96 19 
37 76 48 
68 35 54 
45 30 32 
81 29 11 
23 14 69 
29 11 71 
15 42 69 
37 46 18 
7 73 60 
95 71 52 
48 51 36 
54 11 65 
16 91 82 
62 12 92 
68 15 48 
6 28 34 
39 30 45 
96 18 91 
11 12 20 
17 37 9 
22 27 61 
41 45 33 
39 40 89 
87 53 52 
61 75 76 
36 90 24 
17 73 43 
33 41 29 
64 28 85 
72 12 54 
37 87 43 
41 48 19 
27 11 40 
17 26 31 
78 77 91 
90 3 60 
78 91 94 
10 64 43 
49 95 45 
85 1 44 
55 52 40 
19 87 37 
12 81 76 
6 43 32 
61 18 83 
73 36 26 
79 66 88 
2 98 66 
37 68 98 
78 47 25 
20 63 79 
55 61 53 
71 11 15 
78 24 72 
69 96 53 
97 9 93 
77 66 63 
8 4 67 
70 67 46 
11 2 72 
96 90 72 
1 74 78 
4 95 57 
12 58 63 
72 3 34 
48 32 99 
58 72 27 
98 70 3 
24 32 22 
93 98 22 
21 60 46 
69 71 94 
40 53 60 
100 61 91 
13 2 25 
47 15 43 
42 76 78 
88 40 25 
97 5 11 
66 53 61 
1 62 51 
29 78 63 
3 53 66 
77 82 98 
20 79 37 
17 68 36 
23 31 76 
89 31 1 
42 64 1 
44 11 73 
14 90 9 
12 88 20 
12 61 52 
52 5 8 
47 33 62 
35 6 31 
76 39 1 
65 1 99 
44 23 45 
26 17 59 
19 82 100 
48 71 93 
63 95 14 
35 88 94 
15 51 83 
37 24 65 
83 49 96 
23 73 55 
78 6 69 
5 92 48 
92 18 2 
70 91 46 
67 60 29 
57 46 40 
33 32 43 
73 18 63 
45 91 71 
67 13 43 
96 100 25 
74 100 36 
80 64 19 
4 43 59 
82 62 90 
38 8 71 
72 87 55 
6 77 99 
83 10 47 
56 71 98 
65 59 54 
34 10 22 
76 88 25 
92 12 16 
33 54 14 
39 49 34 
58 42 40 
53 2 64 
90 47 70 
3 50 24 
76 10 80 
7 57 68 
18 69 8 
41 32 97 
52 54 82 
86 68 14 
16 21 45 
95 49 84 
62 78 83 
63 61 10 
73 70 62 
78 72 34 
97 23 1 
34 85 5 
94 59 38 
94 24 13 
27 20 58 
64 59 39 
88 35 82 
26 91 66 
27 58 62 
88 38 44 
17 92 68 
49 35 64 
95 67 76 
22 33 2 
45 30 51 
75 48 77 
24 93 41 
60 3 50 
36 98 85 
38 94 46 
41 67 61 
64 60 91 
31 72 82 
19 31 39 
27 45 47 
43 73 14 
35 69 52 
60 46 95 
21 33 14 
2 49 69 
4 5 66 
52 70 16 
50 19 56 
79 12 1 
44 5 38 
81 78 96 
34 52 88 
3 74 42 
45 96 82 
87 69 60 
63 24 14 
20 77 85 
57 2 72 
87 47 19 
76 80 62 
38 31 13 
58 52 26 
44 50 75 
52 38 73 
40 62 21 
86 3 74 
5 90 35 
92 36 24 
83 76 57 
25 87 16 
73 83 65 
15 68 90 
59 49 98 
75 51 87 
56 84 100 
29 3 96 
62 36 76 
97 22 17 
99 73 17 
61 57 59 
6 59 9 
81 86 60 
21 99 8 
22 78 64 
62 17 68 
90 68 14 
90 7 74 
41 73 85 
53 28 51 
99 46 28 
78 6 74 
85 53 90 
20 33 17 
9 1 17 
4 75 68 
77 94 14 
68 9 56 
85 35 33 
56 18 25 
8 59 28 
85 96 19 
62 99 66 
62 97 18 
1 32 4 
60 3 100 
66 14 72 
14 40 34 
19 82 6 
32 1 77 
25 37 1 
19 16 44 
95 30 21 
95 3 69 
3 14 65 
45 4 66 
66 29 50 
87 46 17 
89 95 32 
2 48 42 
100 79 11 
69 45 20 
6 77 74 
91 95 46 
87 28 97 
33 14 77 
97 56 96 
57 69 3 
27 61 37 
71 89 1 
22 97 62 
95 16 11 
91 35 33 
79 24 59 
99 40 77 
40 77 42 
27 89 97 
36 62 4 
9 19 24 
30 90 18 
36 8 94 
11 37 41 
96 48 91 
8 12 48 
41 7 40 
76 25 68 
63 26 100 
27 80 98 
35 95 87 
67 55 10 
51 97 9 
91 75 92 
44 8 40 
91 7 88 
57 44 28 
87 46 39 
67 75 12 
77 88 56 
3 98 49 
42 65 77 
94 10 67 
18 58 13 
62 85 61 
52 13 23 
7 9 20 
76 87 91 
93 89 36 
34 100 62 
47 26 29 
50 21 97 
25 46 72 
52 3 10 
61 67 63 
14 40 88 
97 24 14 
54 95 90 
96 20 57 
49 60 10 
42 61 22 
59 47 95 
77 37 66 
100 57 8 
79 60 58 
93 92 75 
43 10 86 
71 61 43 
21 88 75 
19 11 37 
64 23 89 
85 12 93 
97 5 67 
12 17 19 
15 17 29 
41 64 44 
67 42 47 
60 51 17 
38 30 45 
71 53 3 
3 57 14 
33 39 50 
35 10 62 
98 33 26 
14 13 53 
36 79 31 
35 71 39 
35 11 16 
93 26 98 
42 62 65 
48 90 24 
42 13 37 
32 96 17 
2 39 91 
37 77 12 
68 40 10 
82 57 76 
64 72 37 
81 68 47 
91 77 85 
31 93 76 
35 43 53 
7 47 83 
27 35 78 
48 45 4 
4 28 12 
18 10 68 
69 34 28 
83 4 48 
46 71 13 
38 93 37 
39 42 80 
31 6 41 
58 66 70 
76 95 93 
70 59 66 
57 92 91 
52 2 41 
30 77 37 
76 44 1 
71 67 18 
73 1 25 
19 32 70 
20 94 43 
76 90 83 
73 1 35 
43 75 28 
81 26 36 
82 23 70 
19 68 18 
22 81 85 
25 9 46 
3 65 49 
73 96 58 
32 99 59 
37 98 42 
71 83 70 
36 92 53 
6 63 73 
31 39 54 
22 14 1 
26 19 75 
24 66 47 
100 50 14 
73 8 93 
52 10 28 
48 74 41 
28 26 25 
72 35 34 
8 37 24 
23 36 22 
90 13 56 
84 41 94 
66 51 33 
4 7 86 
89 2 77 
5 33 27 
17 20 95 
41 45 14 
34 71 22 
30 17 19 
27 95 46 
35 51 17 
62 78 39 
33 86 15 
99 27 2 
60 2 91 
12 78 60 
1 25 21 
58 15 45 
30 58 5 
70 46 97 
2 14 62 
93 63 98 
38 48 43 
13 84 59 
19 68 35 
73 72 64 
53 92 8 
77 33 65 
87 16 63 
19 61 67 
76 67 79 
76 45 81 
46 93 43 
40 94 3 
15 91 77 
4 90 12 
99 14 23 
30 16 68 
41 49 60 
29 83 7 
27 99 97 
32 84 50 
92 71 70 
72 93 77 
88 2 49 
92 81 45 
92 95 83 
75 13 88 
50 90 12 
78 81 20 
52 32 11 
91 58 47 
31 16 100 
84 77 69 
31 35 54 
58 81 35 
63 98 39 
23 16 9 
12 88 63 
87 68 26 
80 61 15 
23 10 26 
3 52 83 
51 98 25 
18 67 39 
49 19 16 
36 10 8 
10 81 58 
53 44 99 
80 90 4 
40 20 59 
61 24 17 
80 29 13 
70 20 11 
62 3 17 
45 60 77 
61 70 49 
9 14 71 
86 67 40 
86 78 55 
23 47 72 
63 62 49 
84 38 34 
49 34 94 
52 25 6 
16 46 14 
16 85 67 
47 17 61 
97 23 21 
2 74 90 
59 56 5 
4 14 13 
32 75 8 
44 35 10 
26 43 23 
39 15 24 
47 11 66 
62 39 100 
34 89 94 
44 34 40 
75 58 29 
8 44 4 
28 60 26 
82 87 15 
41 80 75 
55 35 81 
86 77 11 
66 83 48 
41 28 45 
70 82 79 
99 29 69 
65 14 89 
58 45 16 
49 46 70 
73 97 10 
64 35 99 
30 4 75 
82 47 72 
20 6 72 
100 87 28 
76 36 14 
24 67 23 
59 50 3 
73 33 25 
15 53 33 
44 39 36 
14 37 5 
98 80 29 
75 100 37 
37 94 17 
38 35 6 
51 48 80 
8 79 38 
100 76 35 
52 25 39 
79 53 56 
38 98 46 
56 27 32 
66 60 13 
18 9 33 
17 76 56 
73 10 40 
40 21 55 
12 1 58 
98 24 31 
89 40 22 
58 34 18 
34 41 83 
37 65 46 
31 18 27 
4 8 86 
66 82 7 
29 97 61 
85 7 51 
28 34 45 
84 20 90 
69 17 49 
74 25 97 
14 21 66 
76 69 40 
44 23 93 
28 99 57 
97 59 92 
94 91 51 
53 90 20 
32 28 96 
88 62 98 
79 25 97 
29 21 8 
53 98 27 
5 3 26 
98 56 80 
26 100 62 
91 59 82 
38 17 65 
79 80 45 
19 46 54 
66 46 68 
81 34 45 
33 71 93 
30 35 92 
20 60 36 
14 86 27 
14 25 8 
58 85 12 
81 94 65 
35 8 48 
97 41 96 
35 100 65 
19 37 92 
76 25 12 
38 25 31 
31 21 55 
54 98 24 
25 5 41 
62 66 70 
67 89 64 
39 13 19 
64 60 15 
36 35 40 
57 6 34 
77 6 66 
18 64 65 
44 97 77 
80 64 13 
21 57 12 
11 89 70 
47 27 60 
63 33 12 
91 51 52 
23 8 2 
7 40 53 
98 9 15 
17 97 79 
84 76 50 
88 99 34 
78 43 2 
69 68 14 
72 14 40 
37 90 97 
76 44 23 
22 18 19 
29 9 26 
51 99 32 
4 28 42 
84 38 3 
45 20 71 
99 1 88 
22 15 27 
50 83 91 
29 19 1 
28 81 48 
26 35 63 
42 3 46 
45 21 2 
56 86 4 
43 77 84 
56 86 25 
85 80 81 
34 51 31 
52 50 78 
3 7 84 
22 2 40 
46 80 27 
80 1 26 
27 5 36 
48 10 63 
85 69 75 
52 25 41 
33 27 48 
89 38 20 
98 32 6 
96 51 100 
11 77 31 
85 52 42 
14 59 75 
6 10 36 
68 11 99 
26 13 77 
64 12 20 
12 28 11 
48 17 16 
58 100 66 
93 53 100 
13 95 43 
11 56 50 
42 18 38 
30 16 66 
89 57 90 
26 47 50 
7 26 6 
41 1 94 
38 95 89 
16 35 42 
49 43 95 
49 3 90 
50 89 8 
50 86 4 
36 17 11 
37 62 6 
84 76 33 
34 29 9 
1 73 76 
83 57 21 
13 27 8 
90 60 50 
27 77 98 
80 97 22 
74 19 5 
81 65 21 
55 33 86 
18 92 66 
14 88 11 
74 55 77 
80 84 54 
34 29 7 
52 91 79 
45 73 58 
34 15 75 
20 13 12 
67 48 1 
81 27 32 
52 87 89 
98 22 17 
3 68 19 
12 87 29 
19 69 98 
10 57 91 
56 17 38 
65 100 43 
75 96 24 
70 7 28 
69 68 49 
90 75 4 
38 36 31 
15 59 79 
45 96 97 
17 81 3 
42 27 95 
76 77 5 
50 9 92 
59 57 13 
97 19 100 
32 15 78 
24 55 83 
56 3 16 
12 15 95 
40 74 30 
37 27 87 
53 62 80 
42 51 58 
70 53 64 
44 42 33 
56 86 93 
72 19 49 
37 74 7 
40 95 93 
8 86 88 
31 84 67 
100 79 67 
74 24 58 
78 90 37 
84 48 4 
33 84 61 
89 99 34 
87 24 57 
5 53 13 
3 17 76 
41 87 32 
64 6 99 
87 46 34 
3 43 72 
25 21 32 
33 63 44 
37 55 27 
82 15 70 
49 21 86 
42 2 33 
39 18 63 
14 18 2 
86 64 40 
25 51 43 
66 49 40 
85 42 36 
65 32 91 
58 30 97 
46 85 66 
80 26 87 
83 93 63 
95 72 76 
95 1 26 
35 71 81 
86 96 35 
87 67 44 
42 25 38 
43 10 61 
82 50 38 
96 57 45 
51 33 49 
98 67 28 
30 26 23 
66 100 74 
6 45 42 
18 11 16 
9 81 21 
86 42 98 
4 8 29 
95 69 14 
38 39 89 
88 55 47 
8 78 19 
13 72 32 
7 1 12 
68 79 59 
73 19 83 
59 53 80 
85 37 47 
24 100 67 
78 11 70 
19 11 43 
5 37 15 
39 87 6 
22 69 98 
68 21 91 
13 57 50 
85 48 28 
36 23 90 
18 11 99 
78 87 35 
22 47 57 
61 100 25 
51 90 38 
23 15 27 
18 25 22 
92 99 48 
18 100 62 
49 51 10 
65 78 2 
1 42 44 
48 73 14 
53 73 86 
27 67 32 
33 64 93 
48 98 8 
65 4 26 
30 37 8 
73 72 45 
93 14 56 
74 17 79 
5 27 23 
9 4 82 
73 11 39 
3 24 63 
4 74 46 
66 77 71 
3 48 21 
45 33 49 
49 92 38 
84 48 70 
35 79 69 
27 78 18 
55 70 31 
12 77 72 
96 25 58 
34 65 16 
8 59 87 
61 76 46 
86 35 77 
37 97 63 
27 97 65 
3 15 19 
6 60 40 
66 34 54 
29 1 28 
47 30 70 
97 35 93 
81 93 11 
74 54 20 
40 60 4 
46 16 64 
46 71 49 
3 82 56 
55 81 22 
29 47 83 
89 13 8 
46 34 52 
13 27 29 
78 75 69 
58 80 49 
88 10 27 
83 32 44 
15 56 47 
63 99 16 
81 87 18 
8 93 86 
30 96 87 
58 73 44 
26 37 32 
56 4 84 
5 98 91 
76 5 73 
99 10 85 
85 70 82 
82 49 32 
49 63 17 
69 22 41 
57 19 36 
81 72 66 
10 16 42 
100 55 23 
54 15 97 
8 81 83 
81 27 90 
32 87 7 
79 54 40 
17 25 70 
38 2 64 
30 23 50 
23 92 55 
11 76 90 
2 41 83 
62 23 14 
72 88 28 
30 35 38 
19 92 68 
44 36 7 
46 64 20 
25 2 91 
82 29 74 
10 85 64 
5 19 95 
49 17 36 
29 9 22 
11 24 29 
3 94 33 
84 94 5 
19 8 9 
97 64 65 
95 84 77 
1 13 49 
73 51 62 
59 80 26 
73 67 38 
92 23 9 
19 11 10 
100 48 82 
68 38 82 
31 28 17 
15 69 18 
84 29 97 
56 17 98 
21 84 92 
85 56 87 
16 18 31 
66 56 1 
42 22 13 
31 33 9 
64 36 91 
13 54 29 
62 47 82 
66 79 9 
97 33 5 
29 65 45 
87 28 71 
16 87 23 
48 34 89 
78 70 56 
78 49 3 
98 21 79 
93 28 62 
84 33 73 
8 46 85 
100 19 55 
76 24 16 
34 42 78 
3 41 12 
67 84 13 
16 64 52 
73 40 16 
62 98 51 
47 66 28 
38 7 23 
98 71 77 
100 56 35 
13 78 3 
39 73 51 
38 35 83 
57 99 10 
12 23 60 
1 94 32 
8 13 21 
78 36 46 
59 89 22 
19 66 43 
78 50 5 
77 12 8 
78 31 94 
41 21 51 
38 43 44 
25 28 92 
45 49 30 
67 74 81 
28 25 33 
32 80 73 
80 15 6 
68 49 4 
3 32 34 
36 51 31 
17 1 32 
90 19 71 
62 15 89 
31 9 66 
25 67 63 
24 63 53 
47 4 10 
16 11 69 
82 40 36 
41 71 30 
17 65 35 
25 56 74 
23 5 67 
82 42 41 
9 2 44 
78 35 91 
27 25 82 
52 9 3 
33 46 50 
23 94 80 
34 76 63 
5 74 92 
3 39 47 
100 88 86 
62 11 14 
42 35 15 
20 70 52 
66 62 52 
80 87 46 
89 22 35 
53 41 20 
13 85 66 
88 99 69 
38 95 63 
6 28 98 
62 59 89 
53 40 80 
85 82 50 
51 44 70 
31 21 3 
57 92 97 
46 80 55 
71 65 80 
50 35 17 
26 53 31 
1 61 52 
11 100 14 
34 50 78 
36 79 39 
49 8 90 
60 57 78 
89 20 75 
80 91 19 
91 86 16 
2 40 20 
76 51 81 
73 45 74 
55 89 88 
19 40 3 
74 58 10 
6 26 42 
17 27 97 
51 64 52 
38 65 33 
50 9 38 
97 14 9 
19 86 55 
89 85 38 
81 49 66 
5 27 73 
39 25 17 
56 4 78 
64 13 67 
97 12 2 
94 2 10 
64 6 25 
60 68 40 
33 97 59 
74 87 3 
84 30 15 
6 66 42 
24 87 81 
97 23 66 
6 60 49 
45 89 52 
4 68 27 
73 23 31 
16 69 20 
63 92 13 
79 8 56 
85 18 43 
88 84 12 
77 70 33 
82 22 76 
69 16 31 
81 92 93 
56 97 46 
8 50 14 
14 85 30 
8 86 49 
10 88 9 
11 61 37 
34 86 31 
100 91 42 
16 27 84 
38 49 72 
33 75 67 
79 62 27 
15 30 81 
43 47 88 
46 81 60 
44 94 32 
56 35 28 
52 86 8 
18 83 15 
61 73 9 
26 15 43 
30 15 13 
94 86 85 
84 1 16 
57 45 49 
42 39 38 
39 60 94 
65 39 99 
85 18 44 
41 75 27 
10 78 4 
53 16 84 
65 14 92 
22 36 24 
69 72 65 
17 45 82 
33 37 41 
84 38 33 
72 47 83 
14 80 54 
37 19 71 
74 81 68 
45 88 70 
89 78 45 
82 96 7 
98 8 26 
43 16 61 
2 57 24 
16 40 70 
80 26 25 
71 17 22 
21 14 50 
4 68 80 
1 25 11 
94 69 58 
30 77 51 
35 4 51 
94 66 8 
16 11 46 
99 86 12 
9 86 84 
46 86 40 
73 94 32 
50 38 47 
43 45 54 
20 83 30 
15 51 54 
56 89 64 
22 21 100 
76 35 36 
75 96 22 
68 49 31 
32 33 8 
24 41 54 
20 94 44 
87 31 57 
83 44 87 
25 43 96 
63 35 27 
74 85 91 
18 95 52 
42 81 79 
17 69 5 
6 48 20 
55 89 37 
23 74 35 
54 38 41 
50 32 81 
73 25 29 
94 8 55 
65 36 95 
51 6 57 
96 57 91 
89 3 44 
54 44 51 
38 25 15 
71 65 41 
80 16 30 
100 1 85 
69 20 29 
29 21 28 
47 27 41 
45 22 60 
92 73 25 
74 11 23 
78 3 96 
11 50 18 
78 36 74 
30 97 39 
65 49 64 
49 62 45 
68 4 88 
26 21 78 
29 28 26 
9 47 87 
73 46 96 
68 52 45 
27 93 84 
64 97 21 
75 45 39 
71 23 5 
8 37 6 
16 59 33 
26 69 16 
31 97 81 
60 23 70 
88 24 37 
43 10 4 
34 46 27 
11 26 13 
67 92 37 
86 14 65 
29 83 2 
25 58 64 
61 32 88 
95 18 35 
87 40 71 
45 10 34 
36 51 7 
76 38 72 
45 1 14 
74 43 66 
11 43 33 
62 76 56 
71 77 55 
30 17 67 
78 29 36 
46 32 74 
5 28 29 
48 14 16 
27 22 33 
38 26 65 
81 42 38 
28 42 85 
14 63 51 
12 10 96 
69 43 2 
55 52 20 
80 7 17 
35 31 13 
90 76 21 
51 89 15 
92 34 85 
50 62 2 
93 68 36 
29 100 61 
74 55 30 
31 68 60 
29 2 10 
69 100 10 
47 80 98 
76 34 13 
78 91 12 
64 21 5 
95 70 72 
68 56 51 
23 99 66 
85 8 78 
1 38 11 
45 76 46 
75 94 79 
72 38 97 
49 21 22 
42 36 39 
36 62 37 
70 30 96 
14 37 31 
39 90 32 
12 4 26 
9 43 40 
45 77 30 
54 3 51 
64 66 32 
73 44 63 
29 25 59 
88 17 86 
78 54 76 
32 74 41 
81 67 60 
100 67 78 
42 63 52 
92 85 71 
90 58 39 
36 46 23 
64 92 21 
4 13 9 
77 67 8 
42 1 43 
39 33 22 
12 93 50 
94 33 72 
46 11 79 
68 85 8 
85 68 78 
10 17 64 
36 2 62 
84 37 33 
65 24 6 
8 49 54 
56 49 80 
3 57 77 
47 22 3 
15 22 71 
50 42 12 
58 36 5 
48 97 40 
24 87 6 
14 33 28 
49 61 52 
2 71 69 
3 60 66 
92 9 87 
9 73 47 
15 36 34 
76 94 67 
12 41 88 
70 13 14 
28 94 46 
23 90 21 
14 59 42 
7 42 54 
25 74 18 
100 33 39 
28 16 58 
33 50 79 
31 65 50 
15 4 25 
57 82 99 
91 41 12 
79 82 95 
29 77 22 
63 18 72 
85 66 73 
44 63 16 
11 98 56 
53 29 41 
81 65 37 
36 49 51 
97 5 3 
8 7 68 
93 10 89 
4 48 100 
73 70 83 
27 14 46 
50 53 79 
72 23 36 
6 50 96 
22 84 62 
11 54 87 
58 59 77 
11 44 29 
90 71 37 
50 15 90 
95 85 44 
43 45 88 
18 90 80 
1 83 70 
14 58 23 
12 37 30 
95 40 80 
57 1 76 
61 97 35 
45 38 15 
46 56 43 
84 25 40 
74 72 100 
92 37 81 
17 97 77 
35 33 4 
99 19 71 
26 4 37 
27 24 60 
80 24 69 
6 12 74 
28 40 35 
43 67 64 
42 6 5 
72 66 77 
52 62 50 
56 77 74 
25 2 100 
24 18 15 
20 29 81 
18 43 72 
100 8 77 
70 36 18 
56 21 92 
72 42 23 
18 5 34 
81 4 86 
94 18 28 
14 71 99 
45 71 24 
82 34 41 
71 8 58 
58 63 71 
83 4 94 
95 84 76 
88 89 86 
51 17 52 
47 38 33 
36 5 4 
96 41 68 
25 27 31 
81 27 23 
1 31 70 
7 1 26 
69 88 50 
8 46 96 
93 62 61 
65 95 49 
64 25 76 
62 27 15 
12 26 3 
72 80 99 
8 5 14 
80 68 87 
57 45 38 
20 6 7 
69 43 34 
32 84 79 
70 71 43 
8 16 89 
59 35 70 
97 98 95 
26 77 21 
10 22 89 
50 58 90 
94 55 90 
11 53 33 
3 72 17 
96 50 38 
2 67 3 
67 27 85 
37 48 16 
29 93 6 
21 78 53 
26 28 2 
92 88 12 
16 88 75 
67 52 37 
44 15 48 
67 85 30 
11 33 22 
66 24 10 
42 71 90 
29 16 48 
59 20 56 
2 27 71 
45 21 6 
10 11 2 
97 99 21 
42 77 39 
1 71 68 
42 47 50 
15 70 52 
19 35 97 
40 19 46 
71 80 98 
89 75 29 
31 13 22 
94 53 58 
97 89 23 
70 62 27 
7 8 24 
96 52 62 
30 1 14 
38 9 62 
81 63 82 
67 1 51 
81 31 94 
10 21 47 
45 35 15 
84 97 53 
23 65 47 
58 41 72 
77 56 17 
39 34 5 
30 73 47 
66 79 55 
42 1 63 
63 70 99 
43 18 17 
6 41 8 
23 67 18 
16 36 63 
47 73 4 
28 98 43 
45 66 24 
51 11 3 
89 79 75 
47 65 36 
30 57 88 
80 51 90 
53 70 49 
69 27 45 
33 58 22 
68 22 43 
1 70 85 
27 72 29 
5 77 52 
48 14 12 
12 88 16 
64 21 72 
31 15 67 
44 63 5 
61 97 72 
13 25 62 
20 96 79 
89 75 2 
58 78 95 
4 99 55 
52 76 85 
17 16 90 
66 9 7 
94 91 24 
55 79 95 
100 34 1 
90 71 27 
11 100 32 
84 22 37 
80 18 67 
9 89 94 
73 62 96 
11 14 97 
19 66 31 
12 29 88 
43 98 15 
69 82 31 
10 90 87 
58 26 97 
8 50 1 
57 36 21 
93 57 21 
39 20 97 
38 27 39 
54 6 48 
39 90 34 
20 95 90 
78 16 39 
51 63 36 
45 37 12 
72 35 19 
79 52 97 
92 14 85 
84 5 87 
30 96 31 
43 16 18 
85 9 98 
95 49 77 
8 90 6 
20 32 25 
3 4 24 
94 47 66 
73 80 1 
26 75 40 
31 74 33 
83 39 28 
29 97 51 
45 60 8 
65 24 1 
82 73 61 
25 95 59 
92 35 22 
16 91 100 
45 89 22 
38 66 70 
39 17 8 
13 32 49 
14 62 50 
39 7 5 
20 93 97 
24 76 47 
35 6 66 
6 38 95 
42 16 6 
82 70 68 
9 36 44 
92 32 11 
62 47 98 
12 96 15 
13 83 99 
30 13 9 
100 80 37 
88 49 55 
50 76 98 
44 56 65 
73 21 40 
17 4 53 
2 7 19 
81 25 67 
4 57 51 
12 60 38 
56 45 72 
68 79 26 
88 35 43 
81 66 93 
38 56 55 
28 53 22 
89 68 98 
3 24 35 
62 18 60 
45 87 73 
22 23 34 
42 13 4 
31 25 22 
40 74 53 
66 61 83 
23 48 20 
78 40 72 
28 14 93 
21 39 38 
71 61 79 
96 16 49 
88 53 4 
48 73 27 
97 23 12 
48 89 44 
59 70 12 
64 10 19 
43 87 85 
47 51 48 
63 81 85 
16 36 100 
17 67 13 
8 16 10 
47 93 38 
22 78 57 
79 86 46 
69 82 7 
80 48 82 
6 86 31 
52 64 65 
68 15 82 
30 7 33 
98 68 36 
8 39 78 
7 2 15 
54 52 84 
54 3 76 
31 51 78 
2 100 30 
43 80 41 
12 4 17 
77 29 68 
28 19 53 
70 100 15 
62 78 53 
89 25 11 
11 91 93 
36 22 90 
63 68 67 
14 92 64 
51 56 18 
26 24 32 
11 18 43 
92 24 23 
80 49 61 
4 77 95 
16 58 27 
15 11 16 
77 64 15 
17 36 58 
96 99 44 
74 68 8 
7 50 96 
91 58 48 
39 11 10 
39 12 48 
92 84 83 
3 82 80 
45 26 38 
38 30 36 
39 90 76 
3 42 73 
49 39 52 
97 100 62 
59 80 2 
4 51 53 
49 26 13 
96 51 92 
73 32 14 
91 8 34 
29 25 31 
30 15 26 
71 33 88 
96 38 56 
45 24 62 
41 20 43 
50 35 1 
82 70 76 
63 77 85 
79 19 52 
30 87 78 
1 54 28 
16 59 18 
19 1 10 
66 23 1 
39 11 62 
64 92 93 
76 90 96 
24 32 19 
65 33 68 
97 8 23 
59 68 73 
29 32 39 
54 52 51 
12 37 82 
34 94 75 
41 40 4 
16 48 27 
5 97 45 
5 38 47 
66 52 40 
20 35 78 
30 43 99 
75 59 50 
25 55 22 
19 63 81 
83 50 12 
2 43 25 
84 32 7 
73 87 20 
49 85 60 
39 74 84 
56 39 23 
15 34 42 
45 20 98 
86 90 42 
42 35 25 
16 12 55 
45 73 5 
60 100 32 
71 16 5 
20 2 11 
87 6 96 
6 88 1 
78 24 40 
16 32 24 
18 87 38 
39 6 60 
86 18 78 
8 4 10 
8 65 80 
94 70 19 
53 45 20 
57 58 50 
38 76 89 
14 55 91 
84 69 21 
96 25 45 
32 63 39 
93 7 64 
22 70 82 
75 62 97 
22 66 45 
15 1 34 
75 15 77 
26 22 54 
15 6 82 
8 24 92 
48 61 62 
38 5 23 
68 59 99 
42 13 60 
72 44 12 
71 20 62 
79 48 52 
44 35 11 
43 56 45 
24 43 7 
86 25 71 
54 1 95 
15 6 58 
77 81 25 
6 35 82 
9 54 90 
53 9 70 
80 39 27 
37 86 27 
17 3 99 
39 34 51 
99 100 48 
18 83 71 
30 85 54 
9 84 99 
56 95 15 
33 39 91 
10 68 35 
56 69 34 
27 46 13 
77 42 62 
22 18 55 
6 9 7 
99 23 24 
85 49 2 
37 52 51 
82 22 32 
53 51 11 
51 86 49 
60 69 70 
53 31 48 
39 60 2 
34 31 93 
67 13 75 
93 25 87 
36 62 17 
8 77 92 
61 95 90 
87 62 36 
28 78 85 
37 40 15 
62 5 4 
39 61 37 
89 39 42 
59 54 45 
15 4 79 
81 37 1 
20 43 25 
20 75 35 
59 5 95 
16 82 63 
95 20 22 
27 75 21 
67 11 92 
22 16 18 
21 31 49 
96 43 92 
11 24 64 
81 52 74 
11 34 73 
52 23 81 
89 29 33 
72 77 44 
5 83 29 
95 5 81 
8 48 28 
49 65 46 
75 91 41 
52 64 14 
38 14 21 
3 87 75 
9 63 42 
91 50 1 
47 2 24 
45 19 79 
80 94 52 
15 26 20 
4 34 57 
90 33 75 
1 90 10 
57 78 11 
45 56 26 
76 23 19 
86 99 94 
27 46 25 
87 37 96 
76 73 9 
91 90 7 
57 61 94 
73 77 71 
73 23 12 
64 6 19 
23 93 43 
8 93 96 
58 20 84 
30 48 15 
44 31 95 
42 92 26 
39 71 23 
75 55 88 
91 69 87 
36 57 54 
60 53 37 
93 19 55 
81 42 84 
63 69 22 
34 5 37 
93 22 66 
35 72 82 
94 72 40 
4 74 40 
60 100 55 
93 44 70 
76 35 1 
4 10 80 
22 2 6 
9 53 4 
59 22 100 
44 90 40 
49 53 93 
79 1 50 
27 93 15 
70 28 6 
30 86 99 
23 86 91 
25 20 50 
15 58 94 
89 90 26 
18 10 32 
95 78 42 
96 36 95 
66 59 46 
49 25 12 
45 70 47 
84 9 69 
88 87 41 
25 31 91 
72 44 96 
50 5 36 
73 77 43 
7 32 30 
36 75 11 
89 36 85 
25 87 42 
15 100 99 
52 94 83 
80 5 71 
79 29 62 
99 78 18 
60 95 41 
68 32 36 
24 100 71 
65 24 55 
22 32 5 
80 81 35 
80 93 37 
13 74 33 
94 68 43 
58 39 15 
56 69 16 
68 42 75 
24 4 5 
45 11 14 
19 69 78 
5 44 26 
15 85 12 
25 89 48 
40 41 57 
75 39 48 
58 98 45 
82 39 13 
25 27 8 
40 99 97 
78 75 17 
63 87 82 
11 73 43 
78 61 66 
2 32 99 
54 97 25 
4 34 3 
31 71 87 
43 64 40 
100 4 34 
65 9 98 
85 46 79 
92 2 70 
85 30 96 
87 56 46 
69 48 22 
7 12 60 
53 48 49 
29 4 66 
24 1 15 
2 30 39 
64 47 79 
58 35 7 
60 41 73 
65 7 27 
4 43 50 
68 90 100 
7 53 18 
38 52 42 
71 9 57 
5 75 27 
29 38 45 
62 84 44 
3 4 1 
9 10 2 
10 22 66 
84 69 70 
42 94 25 
11 14 65 
33 22 96 
26 79 64 
97 35 27 
65 72 61 
75 23 88 
55 4 15 
94 32 53 
58 73 90 
55 56 9 
13 98 92 
11 38 85 
20 16 7 
63 76 35 
32 94 34 
48 73 78 
97 23 32 
92 4 80 
50 19 46 
20 3 7 
71 26 53 
52 64 73 
81 94 49 
54 82 88 
15 17 13 
47 77 29 
69 48 44 
77 38 80 
46 44 51 
82 25 42 
8 41 2 
5 93 24 
39 92 60 
99 79 44 
89 60 74 
55 81 15 
78 69 63 
80 69 90 
53 88 78 
30 48 38 
1 44 20 
92 63 73 
31 90 47 
9 3 34 
48 16 7 
44 58 60 
62 89 11 
3 76 63 
36 68 81 
65 61 69 
81 64 96 
78 29 35 
64 97 72 
85 39 93 
55 25 95 
78 15 71 
50 63 12 
57 11 40 
91 53 21 
34 33 74 
43 37 48 
74 96 9 
55 33 82 
27 1 85 
94 90 38 
7 68 90 
8 19 22 
69 71 25 
94 68 89 
79 56 54 
12 68 84 
44 77 95 
6 17 43 
62 8 84 
90 62 10 
73 36 7 
91 21 86 
83 78 75 
17 91 68 
24 98 49 
62 29 100 
21 78 29 
13 25 34 
71 61 65 
24 51 39 
39 71 16 
58 9 50 
12 99 48 
48 6 13 
15 41 84 
85 19 75 
53 70 36 
70 42 89 
89 85 79 
9 2 40 
49 8 18 
38 25 93 
97 35 7 
87 65 30 
58 17 81 
57 78 66 
19 88 77 
74 10 18 
100 87 91 
60 39 97 
35 21 14 
36 53 59 
29 51 24 
25 98 89 
61 99 93 
74 77 24 
67 55 35 
64 96 83 
93 64 65 
11 88 89 
57 50 70 
62 85 28 
80 51 60 
51 78 61 
88 20 50 
22 5 46 
71 72 89 
13 32 5 
16 61 79 
22 59 93 
96 46 43 
21 37 70 
98 71 3 
69 31 23 
85 31 82 
56 3 26 
79 58 36 
98 68 1 
22 15 14 
78 87 20 
38 33 77 
7 12 3 
99 77 83 
24 62 41 
24 59 15 
100 34 48 
78 54 70 
42 52 24 
35 65 8 
57 62 71 
26 43 81 
42 24 87 
86 35 60 
2 57 51 
77 40 79 
73 64 71 
74 83 59 
27 40 30 
78 35 39 
64 83 63 
50 71 68 
24 19 48 
41 71 81 
89 38 43 
7 46 53 
19 79 4 
84 34 47 
22 77 98 
7 46 24 
1 38 2 
9 38 58 
38 23 13 
67 75 36 
30 24 86 
66 27 63 
10 8 85 
68 75 50 
92 31 39 
24 29 56 
91 26 28 
73 90 76 
25 42 56 
99 64 72 
88 52 23 
41 72 69 
27 100 76 
97 66 35 
61 60 26 
47 66 32 
21 5 19 
52 54 72 
37 46 53 
74 70 75 
33 6 46 
18 9 99 
28 69 98 
80 65 58 
41 75 76 
68 72 18 
38 21 87 
26 40 16 
66 39 53 
43 21 65 
97 31 90 
99 86 35 
17 13 40 
67 10 85 
26 63 71 
99 29 84 
44 4 64 
30 86 48 
57 36 9 
59 4 58 
35 9 94 
42 3 55 
19 25 8 
86 84 97 
67 7 60 
56 61 96 
75 68 81 
95 10 6 
14 19 89 
66 78 4 
83 7 52 
54 19 44 
33 21 51 
41 65 45 
88 33 83 
65 55 19 
98 82 57 
65 82 89 
68 37 9 
27 17 43 
10 46 67 
63 14 10 
39 27 64 
56 31 57 
89 98 57 
50 7 42 
17 86 46 
82 54 74 
75 27 80 
88 23 12 
67 82 26 
38 21 60 
56 92 22 
23 88 59 
48 79 22 
73 57 79 
35 22 75 
38 34 10 
92 12 99 
60 93 72 
60 53 81 
4 99 12 
27 58 77 
51 49 63 
16 41 25 
49 8 21 
38 35 48 
5 41 22 
85 54 74 
53 21 49 
47 58 67 
60 47 97 
81 18 45 
25 31 47 
69 66 85 
88 13 21 
16 39 83 
45 51 91 
78 75 43 
27 54 9 
35 87 41 
71 87 77 
95 43 74 
9 41 95 
62 43 82 
74 19 7 
25 58 79 
45 98 30 
14 79 20 
4 85 7 
73 69 14 
23 66 32 
89 72 15 
32 30 59 
82 93 44 
6 65 51 
62 69 86 
23 13 11 
86 98 48 
31 71 20 
83 16 82 
44 7 60 
30 43 2 
8 51 22 
32 94 42 
29 74 92 
53 52 99 
21 83 95 
86 75 1 
56 4 32 
12 37 11 
77 44 54 
13 26 23 
49 99 48 
99 25 44 
48 69 60 
2 21 65 
84 26 11 
14 21 62 
52 93 77 
53 91 77 
12 65 50 
35 95 53 
1 75 7 
82 47 54 
3 59 16 
98 77 14 
57 90 96 
85 96 44 
24 26 21 
44 80 46 
21 30 65 
8 83 72 
5 35 88 
33 18 85 
29 42 99 
25 67 9 
69 20 48 
35 18 28 
66 12 24 
39 70 81 
43 22 60 
94 75 87 
31 4 29 
93 64 20 
16 79 23 
19 35 41 
60 81 56 
98 99 82 
22 63 37 
65 10 64 
58 53 14 
62 89 28 
35 34 8 
15 51 78 
80 27 29 
38 33 35 
1 20 30 
68 18 43 
72 49 9 
2 37 14 
25 21 55 
35 26 23 
1 80 89 
99 70 36 
33 96 71 
4 67 25 
57 61 19 
42 48 88 
17 55 11 
74 4 54 
33 65 52 
100 38 90 
54 11 80 
17 62 73 
50 31 44 
18 93 44 
89 72 44 
34 97 52 
27 44 50 
95 14 78 
35 4 1 
81 61 40 
54 9 36 
29 79 1 
26 8 68 
41 44 91 
46 64 65 
3 75 39 
99 37 26 
52 12 40 
32 14 79 
36 64 31 
39 50 91 
10 44 18 
65 85 24 
57 72 38 
66 84 64 
29 39 53 
100 33 54 
3 50 68 
84 42 40 
98 62 81 
53 44 40 
44 48 11 
93 71 25 
72 55 21 
31 66 17 
48 72 58 
10 16 73 
70 84 88 
75 29 83 
80 97 1 
41 93 22 
83 58 11 
84 36 71 
39 25 94 
51 12 50 
58 41 4 
60 69 40 
78 25 88 
61 19 21 
8 85 5 
6 35 80 
25 78 58 
90 67 44 
10 33 29 
69 31 15 
90 98 3 
29 96 13 
69 81 95 
62 57 92 
67 60 41 
85 72 29 
13 91 80 
6 97 62 
98 5 8 
1 7 20 
99 38 39 
17 93 34 
59 85 56 
29 100 20 
89 71 41 
33 59 27 
67 15 89 
52 8 65 
8 90 42 
97 91 32 
20 89 63 
22 9 12 
98 34 1 
32 4 75 
15 95 63 
29 60 23 
40 58 86 
25 38 91 
59 16 99 
41 36 65 
5 16 31 
57 24 7 
39 50 85 
87 50 67 
80 82 95 
38 94 14 
99 60 87 
64 28 2 
5 44 78 
4 13 39 
28 90 6 
54 15 86 
96 63 50 
58 32 78 
19 48 5 
91 89 6 
26 51 29 
96 50 32 
91 29 46 
47 36 30 
3 76 50 
31 87 79 
44 26 94 
34 1 28 
2 82 1 
48 54 87 
56 95 37 
62 98 39 
42 22 74 
10 74 29 
15 82 11 
56 49 98 
88 61 89 
43 51 28 
45 87 25 
15 50 53 
64 4 33 
4 12 43 
26 9 28 
75 88 61 
84 71 46 
36 90 12 
63 79 75 
26 18 72 
91 92 88 
38 27 36 
70 23 9 
29 94 32 
68 25 41 
100 52 14 
15 19 71 
75 52 56 
78 46 15 
52 84 81 
2 89 52 
13 90 11 
97 44 66 
18 80 59 
58 73 89 
27 19 72 
98 31 4 
63 28 4 
26 51 35 
45 31 24 
46 31 56 
33 17 59 
20 93 46 
62 29 67 
63 35 16 
59 31 48 
41 9 60 
45 40 61 
27 87 41 
7 26 97 
14 17 2 
86 68 35 
48 77 16 
50 38 93 
95 33 77 
29 66 86 
22 24 6 
96 41 11 
70 66 46 
97 24 12 
3 33 34 
4 3 100 
84 81 93 
10 73 44 
61 17 100 
15 49 85 
22 87 100 
95 79 52 
63 57 75 
11 87 10 
22 72 78 
12 27 28 
100 9 83 
64 83 45 
51 95 13 
98 19 5 
46 59 71 
22 61 43 
76 38 27 
62 12 76 
12 33 32 
16 72 86 
54 70 28 
39 54 100 
27 93 49 
65 17 25 
40 22 75 
10 26 57 
96 5 49 
62 78 25 
97 64 88 
62 67 37 
93 21 66 
40 53 77 
42 5 31 
18 93 7 
80 29 81 
58 81 18 
42 8 24 
29 67 76 
92 75 37 
74 96 62 
13 100 11 
18 57 53 
76 19 8 
1 71 52 
82 70 58 
98 64 69 
75 13 87 
98 75 9 
38 32 51 
54 7 61 
63 96 74 
65 100 10 
68 92 29 
89 64 81 
32 41 2 
38 21 30 
65 75 25 
37 89 63 
82 20 77 
29 18 20 
9 41 76 
95 59 84 
27 35 80 
88 85 17 
27 1 87 
23 91 81 
79 62 31 
31 29 9 
28 62 53 
38 48 28 
22 24 80 
98 7 39 
20 60 77 
86 73 95 
26 3 85 
4 34 73 
79 80 22 
75 55 54 
16 68 13 
9 64 45 
5 89 97 
67 14 55 
35 4 22 
95 42 80 
9 10 55 
23 5 86 
89 20 24 
74 7 91 
48 51 30 
5 33 82 
81 36 70 
16 17 18 
75 51 29 
21 25 10 
80 70 47 
4 84 98 
34 22 18 
8 21 80 
19 85 3 
41 66 24 
48 8 15 
44 55 10 
42 99 97 
11 68 13 
39 57 65 
10 76 5 
70 44 10 
71 75 89 
97 98 36 
88 16 20 
27 25 58 
4 93 75 
8 28 5 
64 92 3 
28 38 70 
65 22 10 
3 33 47 
10 73 50 
14 85 19 
88 90 70 
73 22 23 
95 37 30 
89 25 5 
38 63 36 
29 67 66 
31 9 20 
78 46 88 
94 52 68 
59 55 33 
48 25 76 
36 67 35 
55 16 63 
8 77 32 
92 90 3 
75 77 11 
91 83 38 
47 5 14 
78 3 50 
96 98 72 
62 7 23 
54 92 5 
23 48 11 
22 98 53 
24 15 26 
17 45 70 
18 23 31 
43 71 95 
29 98 94 
21 4 86 
46 26 90 
8 85 55 
35 17 75 
66 4 64 
81 80 93 
43 1 71 
17 28 95 
19 98 55 
68 52 29 
25 89 61 
57 85 66 
96 64 34 
95 81 76 
17 72 6 
94 46 100 
44 40 98 
13 97 80 
23 20 18 
33 70 94 
64 99 51 
63 19 8 
29 69 78 
59 78 99 
14 1 15 
4 79 14 
98 59 74 
7 40 19 
18 64 49 
76 26 1 
91 55 48 
16 89 93 
96 30 49 
85 37 52 
7 100 29 
75 62 5 
86 26 94 
20 38 42 
29 36 81 
14 66 29 
7 1 90 
98 82 22 
6 64 70 
44 94 30 
38 24 94 
52 57 17 
98 11 69 
3 8 31 
52 80 14 
30 18 11 
87 29 46 
80 62 49 
38 51 45 
91 49 40 
94 87 84 
48 61 56 
36 27 74 
7 20 62 
8 74 78 
100 23 56 
24 76 51 
46 68 76 
92 89 35 
80 70 65 
77 61 66 
20 5 13 
39 29 20 
1 98 55 
28 32 31 
91 5 52 
63 98 87 
80 86 7 
20 79 45 
19 64 44 
64 25 34 
48 56 6 
94 15 29 
43 38 95 
53 78 51 
98 7 99 
90 15 65 
25 20 96 
2 77 50 
30 39 78 
49 45 98 
53 61 23 
13 95 91 
44 36 18 
69 48 7 
32 84 57 
32 47 48 
17 25 34 
58 92 21 
68 73 82 
100 36 47 
84 98 86 
8 36 31 
70 68 72 
46 60 67 
71 37 57 
36 63 66 
9 54 33 
4 28 18 
33 36 17 
48 64 42 
66 68 90 
88 30 8 
54 26 48 
69 40 35 
83 47 78 
35 76 60 
95 1 8 
1 24 22 
66 60 2 
65 28 25 
37 64 24 
100 25 38 
48 72 86 
9 40 21 
31 46 38 
57 40 15 
14 43 30 
84 53 73 
99 10 26 
70 38 88 
36 19 1 
32 54 22 
54 12 46 
21 9 32 
28 10 36 
55 59 93 
39 55 22 
75 36 61 
12 20 52 
64 45 78 
59 67 93 
99 26 45 
54 14 97 
42 98 29 
31 22 17 
59 58 6 
22 57 65 
78 77 62 
81 43 7 
88 30 36 
10 65 74 
65 38 69 
25 36 8 
33 85 12 
78 14 42 
91 75 95 
66 64 11 
61 92 52 
58 5 56 
54 32 80 
33 48 75 
86 16 90 
50 8 74 
49 82 57 
84 21 94 
4 21 97 
72 79 20 
13 17 39 
11 53 25 
65 78 85 
70 42 91 
29 58 31 
4 34 62 
11 86 81 
30 59 13 
18 25 2 
83 84 20 
44 26 49 
30 2 25 
52 3 1 
45 8 93 
78 44 47 
84 30 35 
15 84 89 
92 85 21 
18 66 46 
20 86 7 
16 85 68 
36 35 46 
37 80 49 
79 29 93 
25 18 51 
20 12 15 
14 17 19 
61 57 28 
48 66 71 
22 59 35 
32 29 51 
94 60 54 
53 90 80 
41 9 59 
10 3 25 
39 31 60 
56 74 76 
76 94 96 
20 99 22 
78 37 5 
49 80 44 
89 29 14 
57 79 89 
94 98 3 
100 34 11 
18 99 14 
22 93 35 
52 78 43 
49 20 2 
62 83 99 
20 18 3 
93 53 88 
53 64 93 
21 74 25 
39 97 86 
78 36 34 
76 77 28 
62 61 36 
49 55 6 
72 49 94 
43 11 64 
41 36 74 
29 94 96 
99 2 35 
47 4 35 
85 46 16 
3 2 93 
31 68 84 
98 79 39 
6 2 46 
65 87 92 
99 38 72 
39 49 68 
32 36 33 
29 62 37 
12 75 43 
22 68 96 
64 67 47 
76 94 9 
33 77 31 
49 25 62 
9 17 38 
77 94 65 
83 23 57 
88 2 51 
36 77 34 
65 17 79 
40 45 21 
15 97 87 
86 75 38 
87 23 95 
92 99 77 
26 22 43 
44 97 17 
19 62 93 
9 32 47 
14 45 68 
24 20 18 
3 23 45 
50 97 22 
39 65 29 
63 18 8 
74 67 25 
94 57 11 
60 83 100 
40 55 74 
100 36 55 
59 81 32 
9 27 13 
34 82 89 
30 93 16 
81 82 41 
100 50 47 
29 42 91 
16 72 68 
66 95 64 
10 28 21 
4 7 47 
97 7 20 
73 37 16 
95 100 98 
31 83 98 
55 80 36 
68 11 54 
47 13 39 
73 18 35 
93 11 57 
37 96 97 
22 99 11 
37 31 77 
25 39 100 
75 24 44 
75 49 21 
17 53 25 
47 37 29 
3 79 44 
34 37 19 
69 90 86 
84 95 92 
66 40 78 
67 89 18 
42 19 38 
13 62 75 
75 42 49 
22 70 58 
41 69 61 
33 68 25 
38 22 15 
10 7 82 
9 40 10 
48 74 98 
61 25 2 
98 76 23 
89 12 80 
42 5 18 
55 21 99 
33 3 37 
91 50 25 
76 87 58 
88 25 41 
24 70 92 
15 90 49 
80 69 94 
37 27 83 
9 42 89 
61 72 52 
33 57 62 
74 24 22 
77 40 96 
66 90 79 
91 7 32 
15 75 33 
17 44 13 
29 48 28 
21 93 2 
61 60 3 
11 57 5 
34 9 77 
52 10 80 
23 58 9 
31 22 44 
73 11 10 
85 39 70 
3 12 79 
78 66 64 
44 35 56 
77 16 93 
94 20 9 
84 53 77 
62 30 1 
7 73 92 
57 2 25 
84 10 69 
8 87 25 
51 61 5 
60 56 9 
11 96 82 
47 81 8 
46 70 9 
90 12 62 
62 31 24 
45 95 8 
6 2 12 
99 21 45 
44 33 34 
47 64 48 
61 75 62 
9 3 99 
24 71 44 
81 82 31 
1 32 99 
99 80 87 
71 97 48 
11 67 19 
54 44 30 
80 27 23 
36 14 18 
7 17 9 
11 47 72 
58 79 98 
92 5 18 
4 91 13 
76 17 23 
59 19 82 
5 72 19 
24 28 8 
6 60 71 
8 63 47 
29 49 51 
40 100 96 
54 65 76 
47 90 16 
70 37 14 
37 72 76 
70 96 58 
34 68 20 
41 34 28 
99 30 81 
81 5 70 
51 22 80 
83 69 76 
1 66 97 
15 91 68 
46 33 79 
25 85 21 
23 42 83 
45 97 62 
8 83 37 
56 59 61 
86 72 24 
48 52 13 
50 93 83 
1 28 69 
15 18 30 
63 29 99 
63 99 18 
3 18 7 
67 48 44 
23 71 27 
18 23 47 
54 2 6 
21 48 33 
66 55 75 
74 66 20 
5 55 83 
59 72 41 
84 27 14 
43 73 53 
10 36 25 
65 4 91 
45 40 98 
80 17 25 
30 46 85 
19 10 72 
86 47 93 
75 55 58 
87 90 47 
83 79 36 
10 59 83 
94 65 26 
51 1 15 
45 64 8 
14 62 79 
23 30 89 
98 24 69 
34 43 75 
97 22 26 
78 12 81 
59 49 69 
51 45 81 
79 74 82 
49 75 89 
2 6 63 
100 41 27 
70 18 1 
41 59 13 
15 17 56 
16 43 81 
98 75 61 
7 23 70 
65 4 25 
50 55 87 
91 27 58 
84 87 85 
38 32 60 
57 40 34 
27 59 30 
96 95 74 
79 47 87 
30 9 54 
51 9 92 
83 3 81 
11 50 78 
78 96 35 
59 11 53 
30 50 58 
19 18 86 
72 75 48 
86 54 70 
53 73 29 
12 81 47 
43 51 96 
75 79 76 
17 50 30 
41 34 86 
80 45 69 
76 54 74 
97 91 78 
67 83 89 
19 87 91 
36 43 1 
76 73 44 
40 56 42 
49 12 4 
67 10 75 
19 71 49 
40 11 64 
7 4 9 
47 19 17 
52 14 7 
22 41 1 
25 2 72 
51 94 86 
55 99 63 
49 28 52 
67 46 55 
55 1 81 
34 31 25 
29 68 65 
79 50 9 
4 16 11 
15 66 33 
78 68 41 
5 56 74 
80 18 39 
17 68 98 
16 85 10 
6 55 43 
49 94 29 
93 13 58 
30 8 78 
46 94 47 
78 69 73 
53 50 63 
13 50 91 
1 20 22 
67 43 83 
52 43 62 
50 1 33 
28 24 74 
83 80 6 
27 28 65 
27 34 100 
72 81 78 
16 13 51 
79 86 4 
58 49 22 
92 5 8 
93 88 21 
52 61 7 
14 44 29 
57 2 99 
44 35 52 
7 99 15 
48 80 33 
16 66 40 
40 61 13 
42 37 64 
95 84 58 
13 88 93 
74 81 80 
68 83 51 
77 49 91 
38 54 66 
6 69 9 
64 59 12 
7 8 3 
79 46 81 
100 23 42 
39 10 87 
49 10 37 
95 26 36 
92 71 69 
62 20 91 
8 58 62 
87 29 49 
80 82 19 
30 100 18 
86 64 94 
13 69 67 
62 18 69 
25 91 3 
20 57 2 
100 49 12 
87 18 52 
59 45 8 
81 28 27 
66 62 58 
83 22 84 
23 34 84 
44 90 93 
96 9 44 
16 80 99 
20 58 67 
35 62 53 
12 86 8 
60 22 68 
29 22 18 
60 76 38 
50 85 68 
66 62 21 
86 28 77 
56 70 51 
20 83 5 
3 75 21 
47 5 10 
18 99 3 
88 46 30 
35 77 19 
18 5 50 
100 79 84 
14 43 89 
28 40 26 
31 51 43 
34 12 19 
25 41 76 
5 24 65 
63 2 75 
94 100 74 
19 33 99 
25 28 91 
11 83 63 
24 15 46 
16 1 41 
32 18 71 
76 39 35 
20 15 17 
47 66 35 
31 6 21 
9 57 51 
88 43 13 
82 10 44 
11 67 27 
92 9 80 
38 68 93 
66 54 46 
44 69 92 
66 78 92 
94 6 25 
71 29 63 
73 24 91 
66 99 9 
90 58 56 
33 98 57 
43 54 55 
96 59 33 
45 27 15 
64 96 75 
41 65 6 
62 33 8 
44 89 11 
84 9 46 
81 84 66 
61 94 75 
68 72 40 
45 56 33 
24 89 64 
40 54 72 
18 55 45 
9 47 75 
69 44 72 
58 13 52 
23 52 75 
26 20 96 
56 26 4 
20 26 5 
21 27 31 
39 35 77 
47 91 80 
30 46 9 
60 3 70 
1 81 8 
7 28 34 
49 5 34 
61 4 10 
14 65 45 
13 18 43 
86 42 66 
53 62 34 
54 72 70 
96 41 98 
9 47 58 
91 43 54 
15 22 61 
41 98 40 
57 99 37 
42 70 74 
81 97 10 
65 89 57 
44 28 43 
69 75 42 
34 59 19 
25 43 99 
56 92 14 
34 98 44 
1 97 44 
94 14 92 
83 16 41 
67 70 84 
28 5 90 
96 63 17 
84 32 76 
84 74 53 
47 8 14 
60 58 4 
17 81 21 
5 16 15 
64 22 97 
42 26 28 
16 70 49 
34 66 41 
36 12 14 
31 59 25 
69 33 71 
2 77 98 
73 67 7 
50 41 49 
94 34 62 
74 38 68 
16 88 11 
75 87 99 
88 84 50 
16 40 21 
57 27 61 
10 32 17 
42 4 5 
92 27 88 
57 37 2 
8 98 45 
18 68 4 
81 30 39 
63 89 6 
34 87 100 
11 8 25 
62 88 6 
16 55 14 
43 80 76 
71 4 61 
89 81 71 
22 28 62 
15 66 37 
78 71 74 
65 18 21 
61 96 70 
86 56 77 
97 4 94 
35 65 16 
63 15 12 
19 16 36 
81 5 72 
2 16 60 
59 77 82 
35 22 8 
16 90 88 
19 51 33 
12 92 58 
37 46 40 
9 46 2 
95 68 64 
30 49 85 
24 51 19 
66 17 22 
64 3 100 
46 91 94 
41 66 2 
55 7 56 
19 44 57 
41 46 44 
71 83 67 
86 64 4 
23 73 86 
81 30 23 
49 34 9 
54 47 36 
1 12 11 
28 34 38 
60 80 98 
29 20 54 
7 38 5 
65 71 95 
40 10 94 
88 57 32 
64 17 67 
27 83 2 
23 46 30 
85 94 55 
49 14 97 
58 56 78 
2 49 75 
100 89 19 
88 9 99 
51 36 73 
47 6 13 
41 80 89 
91 88 98 
11 28 52 
86 63 33 
84 44 68 
12 93 82 
67 82 40 
71 58 42 
20 58 12 
56 78 13 
33 4 94 
28 27 43 
61 85 25 
20 29 45 
45 36 14 
43 98 18 
77 66 39 
78 84 63 
56 12 21 
12 71 43 
24 48 22 
97 46 100 
39 16 20 
95 4 2 
97 62 91 
64 58 85 
99 73 49 
38 18 62 
52 72 66 
63 49 95 
98 17 71 
87 36 59 
48 90 34 
24 10 14 
76 63 96 
13 33 89 
22 99 48 
50 95 36 
71 65 9 
57 86 55 
55 80 77 
66 61 35 
26 83 75 
33 77 42 
90 32 60 
67 27 99 
32 78 9 
21 2 26 
29 38 73 
3 83 35 
18 27 22 
45 14 28 
96 60 54 
72 27 87 
30 43 16 
37 30 71 
86 58 23 
49 100 95 
50 73 76 
82 65 74 
81 37 28 
14 96 8 
95 16 33 
31 40 56 
80 12 62 
62 17 9 
31 24 21 
21 56 51 
43 26 77 
79 44 94 
73 54 91 
29 85 3 
53 87 91 
68 12 79 
27 100 11 
66 68 38 
30 1 36 
84 7 78 
58 51 29 
28 72 11 
55 1 99 
11 79 66 
46 24 66 
19 77 86 
81 45 36 
51 86 11 
5 70 59 
8 10 70 
46 60 74 
62 10 22 
35 43 91 
10 59 26 
83 54 2 
1 81 79 
27 32 10 
73 56 91 
93 64 26 
35 74 76 
64 70 84 
28 9 60 
71 50 97 
14 71 78 
8 47 99 
73 31 27 
8 48 78 
44 66 37 
24 13 55 
13 88 15 
89 14 22 
41 51 40 
49 63 21 
71 5 88 
59 54 40 
84 32 46 
95 83 98 
89 74 85 
83 46 17 
100 37 3 
3 71 48 
87 49 35 
97 58 99 
63 68 61 
72 29 42 
78 28 49 
86 64 1 
14 69 81 
90 19 73 
17 84 82 
23 41 57 
89 86 38 
73 18 80 
66 95 24 
93 57 13 
76 4 42 
95 31 81 
69 5 82 
79 10 94 
13 69 80 
72 79 1 
69 84 83 
3 44 50 
89 19 98 
52 40 19 
7 17 66 
91 36 41 
79 96 8 
52 93 16 
99 78 3 
46 49 16 
21 18 68 
30 98 50 
88 99 6 
48 1 49 
47 8 80 
84 20 16 
32 18 51 
81 62 16 
70 7 16 
100 31 77 
86 52 67 
1 93 19 
13 32 25 
83 52 53 
6 78 7 
92 100 89 
70 17 65 
82 8 54 
17 69 62 
58 52 41 
21 99 5 
56 99 47 
80 13 94 
17 38 45 
82 50 93 
54 43 39 
10 14 38 
45 15 11 
79 3 88 
41 87 19 
26 17 60 
6 75 43 
41 90 84 
3 44 10 
14 3 41 
24 37 45 
54 14 56 
43 10 56 
56 47 85 
45 14 8 
88 55 2 
56 4 95 
85 40 79 
80 65 66 
43 23 64 
34 5 48 
76 36 67 
97 40 90 
76 4 96 
96 92 23 
10 45 43 
62 88 51 
73 6 67 
53 37 8 
49 84 64 
49 100 62 
35 94 37 
7 14 10 
44 93 33 
66 58 99 
80 41 31 
98 100 56 
91 26 19 
5 51 91 
35 95 61 
78 58 67 
74 93 33 
17 60 29 
31 69 65 
57 63 17 
24 8 40 
69 8 50 
35 34 53 
10 44 2 
74 62 23 
100 42 46 
1 23 64 
26 69 6 
55 23 98 
84 97 83 
74 16 24 
43 39 66 
71 83 33 
34 8 93 
66 19 64 
88 30 90 
14 61 63 
54 8 2 
15 2 34 
7 66 43 
25 75 62 
4 80 50 
41 19 55 
12 97 57 
97 7 15 
19 40 13 
82 84 80 
74 8 69 
9 30 80 
41 90 53 
73 3 31 
66 61 100 
95 76 42 
22 67 28 
10 20 73 
11 62 37 
74 17 15 
25 100 8 
10 7 26 
76 41 43 
27 12 100 
80 61 10 
40 32 75 
69 33 14 
65 37 75 
95 23 69 
42 55 7 
11 44 58 
31 13 28 
18 78 15 
84 25 30 
5 55 21 
60 8 89 
65 1 55 
63 27 30 
14 49 60 
7 46 25 
17 54 25 
51 52 28 
44 40 18 
60 48 51 
2 85 25 
52 24 9 
13 60 74 
30 97 47 
100 78 90 
95 74 70 
94 59 33 
33 45 72 
91 50 42 
8 10 94 
37 80 78 
64 30 31 
76 71 94 
21 13 14 
25 30 47 
93 88 9 
55 62 90 
9 14 84 
12 18 76 
29 98 58 
63 76 29 
42 15 92 
58 75 67 
30 86 37 
80 28 25 
44 5 56 
35 59 19 
19 4 12 
39 57 50 
63 55 59 
49 23 32 
20 16 68 
55 2 98 
15 16 36 
73 61 16 
72 83 18 
87 70 48 
100 85 87 
53 62 14 
23 31 91 
53 19 40 
24 15 54 
52 30 31 
57 10 80 
91 37 38 
71 86 99 
27 66 12 
48 2 12 
45 7 35 
82 76 1 
33 85 88 
39 64 16 
21 100 8 
76 36 69 
33 29 90 
74 96 85 
2 22 77 
81 21 25 
64 6 68 
96 20 43 
41 74 47 
51 64 26 
3 37 50 
2 36 78 
11 78 58 
42 49 36 
4 30 39 
88 47 29 
56 8 21 
67 40 59 
62 54 59 
64 44 59 
92 7 83 
24 96 78 
82 90 45 
37 60 4 
55 31 52 
88 42 55 
94 90 57 
84 45 76 
1 84 65 
4 1 67 
61 13 24 
57 31 45 
96 16 62 
58 39 49 
47 35 31 
25 20 78 
52 34 5 
27 60 26 
47 46 4 
47 32 1 
100 83 22 
39 64 74 
84 48 29 
46 95 2 
15 37 29 
38 79 7 
59 68 74 
93 74 91 
11 25 9 
32 78 24 
53 65 28 
62 98 29 
71 76 84 
21 80 98 
71 55 43 
73 5 21 
20 6 1 
53 18 70 
30 26 33 
71 56 18 
64 66 27 
14 85 28 
80 44 67 
78 45 80 
57 12 39 
93 66 29 
2 83 34 
24 88 75 
47 5 41 
3 13 80 
16 28 62 
88 52 86 
38 65 86 
87 63 36 
4 15 64 
29 86 54 
15 16 22 
83 98 97 
26 87 27 
85 86 93 
53 42 41 
36 43 85 
12 96 1 
57 6 45 
51 77 48 
75 77 50 
9 13 97 
81 18 63 
56 28 73 
33 58 83 
16 3 84 
48 80 49 
14 26 62 
75 9 61 
87 57 10 
21 55 13 
57 27 28 
42 91 93 
58 24 78 
75 100 26 
67 60 48 
29 16 87 
43 51 12 
82 40 2 
81 37 96 
15 93 4 
95 2 74 
33 9 59 
100 74 84 
60 99 22 
21 20 11 
46 89 13 
38 35 45 
49 84 82 
55 53 17 
90 2 99 
22 63 36 
20 59 42 
81 65 86 
12 37 39 
60 91 27 
79 30 90 
47 21 12 
36 64 9 
22 17 19 
86 17 70 
36 5 75 
57 98 22 
27 29 61 
89 21 43 
99 77 20 
27 67 33 
56 12 10 
18 24 60 
4 12 61 
95 59 79 
28 21 74 
24 12 10 
41 55 45 
26 29 95 
69 72 46 
3 14 42 
66 45 92 
5 86 37 
85 4 48 
90 69 73 
21 58 32 
64 18 26 
47 19 28 
89 72 14 
17 67 40 
90 72 71 
51 95 18 
67 53 15 
96 89 41 
51 99 66 
80 88 68 
46 38 80 
62 56 35 
19 50 5 
9 6 44 
54 65 77 
29 53 17 
66 38 63 
9 10 79 
34 91 68 
24 91 11 
67 3 72 
31 96 26 
39 63 90 
82 26 42 
37 79 16 
25 90 91 
7 46 47 
98 29 16 
8 57 53 
47 85 63 
23 93 48 
39 57 56 
14 42 44 
58 49 52 
46 14 55 
42 24 5 
99 27 43 
63 83 18 
19 67 3 
8 32 3 
80 94 59 
17 74 45 
76 67 16 
55 99 48 
30 33 10 
23 15 90 
45 19 5 
79 37 49 
31 21 33 
16 100 72 
66 99 37 
25 68 15 
61 26 82 
25 44 24 
41 70 56 
29 76 84 
19 14 91 
4 28 38 
93 28 65 
6 68 59 
62 9 1 
53 65 90 
62 94 81 
43 59 75 
31 32 78 
29 14 51 
60 72 73 
7 61 67 
49 29 13 
54 85 28 
74 87 39 
2 78 21 
64 7 24 
47 80 46 
26 57 66 
99 21 24 
96 93 22 
33 27 83 
84 68 7 
90 2 65 
68 100 40 
49 32 24 
77 68 67 
99 70 66 
80 25 82 
54 5 44 
92 68 80 
56 81 32 
19 37 85 
31 51 22 
47 31 15 
8 30 42 
56 95 13 
12 27 42 
97 92 11 
64 55 100 
48 20 92 
66 43 54 
80 68 24 
68 16 48 
52 33 97 
8 18 48 
47 98 20 
95 28 67 
49 76 2 
63 54 61 
76 36 38 
82 34 77 
86 68 78 
49 73 54 
15 94 40 
81 72 63 
28 52 94 
65 62 56 
97 25 23 
61 68 15 
23 2 93 
35 70 49 
82 73 52 
41 94 77 
88 59 95 
80 62 40 
74 59 33 
14 11 82 
14 86 15 
27 82 57 
68 55 45 
42 39 27 
94 23 12 
59 52 56 
49 14 2 
6 72 10 
21 48 41 
21 81 60 
9 22 95 
20 38 85 
33 48 43 
85 87 39 
17 96 22 
26 37 20 
14 32 31 
40 1 94 
73 68 25 
16 72 2 
86 10 6 
49 1 70 
52 70 29 
62 25 27 
6 61 66 
86 18 71 
41 2 46 
20 21 47 
34 38 53 
45 48 68 
65 82 99 
7 43 78 
29 51 7 
54 32 57 
28 98 44 
23 22 21 
41 64 17 
84 39 25 
7 32 17 
54 72 93 
89 71 22 
52 55 64 
3 51 39 
71 56 29 
71 47 80 
100 70 88 
18 72 84 
53 36 44 
57 26 72 
58 46 4 
100 26 53 
23 22 68 
96 19 61 
65 1 78 
79 61 20 
7 39 88 
45 49 46 
68 100 2 
95 81 7 
24 93 29 
21 77 49 
23 88 65 
53 73 47 
99 29 12 
53 12 44 
53 57 13 
78 73 46 
29 87 36 
78 80 76 
55 2 9 
76 61 90 
27 52 44 
84 87 10 
40 75 37 
87 23 48 
93 38 67 
96 100 82 
60 14 19 
1 24 74 
44 3 93 
84 51 90 
42 77 12 
37 30 96 
69 27 31 
76 54 79 
56 64 90 
5 17 62 
38 75 68 
63 43 61 
69 23 35 
71 34 80 
33 60 62 
29 98 64 
74 94 22 
38 46 22 
59 17 54 
40 89 45 
1 32 73 
1 59 62 
45 16 95 
15 45 69 
4 91 19 
73 47 65 
93 57 52 
75 55 60 
13 67 34 
30 63 41 
47 1 44 
68 39 29 
3 17 4 
67 70 90 
95 15 10 
94 91 86 
51 90 35 
3 7 21 
90 56 31 
89 43 30 
41 3 67 
14 12 79 
60 84 34 
44 92 8 
55 92 67 
55 56 34 
73 8 74 
31 89 51 
67 34 55 
29 11 48 
77 56 38 
36 87 10 
51 37 50 
84 7 94 
64 99 57 
65 27 24 
66 55 22 
61 58 34 
56 57 36 
84 74 33 
30 70 45 
47 43 97 
99 47 13 
9 74 82 
71 43 63 
49 62 53 
42 19 59 
77 32 59 
30 29 78 
30 1 60 
95 75 65 
80 33 15 
71 36 88 
64 84 28 
4 91 26 
10 60 45 
85 80 19 
66 83 13 
8 96 7 
78 19 97 
49 35 8 
67 56 39 
37 38 89 
35 70 80 
33 75 74 
57 19 33 
65 8 55 
34 95 94 
6 26 45 
78 77 22 
2 40 31 
27 100 7 
78 25 41 
98 2 19 
13 38 76 
25 13 79 
89 46 80 
87 67 97 
87 27 62 
73 25 6 
39 43 41 
94 63 59 
34 20 10 
68 7 51 
63 82 21 
97 10 24 
30 55 22 
68 79 99 
34 26 54 
22 75 99 
30 16 75 
98 6 66 
58 78 63 
15 22 74 
13 40 20 
79 60 53 
26 93 4 
94 24 58 
76 28 80 
97 99 29 
19 86 88 
84 87 51 
50 17 49 
30 79 99 
31 23 87 
91 31 53 
40 70 54 
68 71 35 
27 74 11 
85 83 13 
35 60 11 
68 90 93 
30 2 74 
43 71 13 
27 87 92 
63 61 15 
4 47 88 
29 65 97 
91 37 51 
37 96 4 
14 40 96 
27 7 48 
51 12 7 
85 90 89 
76 14 97 
100 6 85 
85 84 31 
44 81 51 
56 11 39 
58 17 99 
32 16 43 
72 50 37 
82 75 10 
31 46 57 
29 17 31 
90 68 74 
98 24 15 
81 2 26 
2 29 38 
34 12 31 
49 62 51 
16 84 80 
41 36 67 
51 78 66 
93 49 89 
11 97 78 
9 8 37 
15 24 97 
34 87 40 
29 70 82 
14 72 69 
84 34 33 
62 60 97 
57 2 34 
85 34 32 
86 24 67 
23 7 48 
99 34 11 
87 54 55 
53 32 39 
47 55 93 
63 89 34 
26 12 46 
37 27 40 
39 46 1 
75 56 24 
30 25 37 
53 61 38 
22 87 82 
3 68 74 
64 22 75 
49 7 63 
20 75 29 
40 18 97 
40 90 51 
58 69 87 
85 73 43 
25 43 11 
20 36 34 
13 55 67 
50 36 2 
75 35 54 
38 82 81 
78 59 72 
21 25 29 
8 56 66 
69 6 37 
7 6 37 
55 80 10 
19 69 26 
71 15 3 
3 33 19 
31 12 22 
37 16 87 
56 14 78 
63 82 43 
4 46 34 
78 97 1 
34 29 24 
44 8 39 
72 98 92 
42 9 30 
2 14 4 
10 33 47 
82 37 87 
44 97 74 
64 88 31 
64 59 98 
72 70 83 
13 69 3 
38 26 15 
90 49 53 
40 21 43 
23 5 79 
17 79 68 
37 70 84 
72 27 45 
28 48 53 
2 84 56 
2 16 30 
89 84 87 
3 69 65 
45 95 93 
26 77 84 
40 79 1 
59 49 28 
50 59 94 
29 8 16 
19 40 69 
14 15 4 
83 47 33 
30 71 36 
100 45 37 
14 95 53 
39 24 33 
55 80 100 
43 56 100 
86 72 6 
86 58 97 
61 16 100 
10 54 22 
69 18 36 
18 23 81 
1 7 2 
9 80 46 
88 40 3 
12 7 88 
24 44 5 
46 26 64 
91 27 39 
44 66 64 
79 53 39 
23 16 83 
29 77 100 
22 44 10 
88 92 90 
94 50 37 
25 41 96 
6 54 33 
14 85 23 
26 74 1 
100 90 14 
12 33 64 
13 54 28 
87 89 94 
17 12 41 
20 71 70 
40 48 78 
82 84 100 
46 98 33 
42 26 19 
67 16 46 
64 15 12 
97 66 62 
9 56 77 
34 13 36 
70 31 24 
34 87 84 
76 51 68 
22 91 71 
66 35 68 
44 42 5 
74 55 4 
1 18 13 
40 65 16 
2 16 6 
6 97 52 
91 83 16 
66 8 92 
76 100 25 
81 70 24 
49 76 42 
59 3 73 
64 23 16 
61 81 22 
2 20 39 
84 94 57 
26 43 99 
72 75 65 
14 7 83 
38 83 14 
52 14 63 
49 18 15 
7 1 44 
26 62 80 
96 30 64 
50 72 90 
54 97 10 
92 86 19 
4 43 58 
49 24 99 
57 11 47 
30 36 7 
58 70 78 
100 86 64 
89 40 98 
4 42 68 
15 50 2 
7 62 47 
6 37 84 
96 90 94 
97 40 98 
27 69 94 
18 96 86 
65 10 21 
66 2 15 
16 66 70 
78 25 74 
63 20 60 
93 7 88 
54 70 85 
43 79 31 
23 10 44 
69 51 4 
81 39 11 
80 1 10 
3 13 31 
14 41 99 
20 94 82 
45 30 20 
86 47 74 
64 31 20 
69 51 41 
10 4 72 
7 27 21 
88 15 90 
20 88 69 
24 82 25 
64 21 55 
31 20 10 
93 71 36 
6 77 98 
54 59 87 
51 93 7 
15 9 53 
29 4 36 
25 32 16 
68 40 31 
49 76 32 
3 76 84 
43 75 84 
66 10 68 
37 99 58 
38 30 14 
37 80 71 
40 19 92 
5 91 6 
94 70 22 
59 72 12 
56 69 26 
99 14 77 
39 25 59 
76 20 38 
57 27 29 
21 19 41 
16 13 86 
65 8 58 
26 44 20 
21 9 36 
78 96 14 
49 73 85 
70 91 20 
35 27 6 
58 92 55 
46 62 32 
98 66 27 
13 48 22 
22 53 88 
61 68 65 
60 8 6 
29 100 59 
61 54 89 
73 12 64 
25 4 27 
44 63 53 
28 56 45 
45 8 9 
72 36 52 
28 54 4 
7 38 81 
36 82 60 
82 72 48 
61 70 28 
58 9 78 
53 65 94 
93 36 66 
50 27 47 
76 81 19 
72 24 71 
40 48 58 
81 3 45 
99 27 46 
76 41 88 
35 8 40 
20 36 91 
86 64 87 
29 88 68 
40 93 13 
67 95 3 
44 97 78 
89 3 71 
92 33 17 
81 87 46 
20 51 8 
59 53 3 
27 74 51 
14 76 5 
79 26 90 
59 95 49 
48 28 61 
16 25 65 
56 57 40 
36 96 75 
10 56 91 
66 26 15 
48 90 77 
37 33 62 
30 100 14 
35 26 74 
40 94 16 
31 46 68 
46 49 42 
70 72 15 
74 6 17 
11 54 88 
42 32 90 
78 52 8 
93 91 64 
65 30 12 
93 90 24 
83 41 79 
69 49 16 
77 96 60 
4 74 29 
46 33 89 
4 91 1 
47 27 32 
28 30 88 
71 84 78 
5 32 26 
98 79 5 
92 8 11 
39 13 22 
66 52 29 
42 95 86 
84 94 22 
80 93 63 
81 33 26 
61 91 24 
82 71 21 
16 1 72 
84 87 4 
77 21 2 
44 61 46 
50 33 35 
75 32 100 
35 61 46 
85 9 80 
21 62 51 
36 83 63 
93 20 69 
67 75 7 
76 91 7 
79 45 59 
39 38 79 
51 89 47 
8 19 64 
59 27 69 
44 46 27 
65 94 84 
92 76 74 
55 80 27 
39 11 33 
25 4 90 
40 23 67 
27 98 42 
2 72 82 
67 69 56 
47 41 86 
61 59 14 
68 99 62 
69 68 72 
81 71 17 
59 84 35 
68 85 2 
29 36 7 
45 23 38 
60 84 6 
97 90 73 
88 9 83 
15 71 39 
42 67 74 
87 11 66 
26 46 5 
43 89 67 
1 95 49 
43 27 45 
10 58 64 
31 3 54 
60 1 97 
17 52 79 
52 64 28 
71 1 97 
12 72 31 
68 17 100 
64 73 98 
25 54 34 
31 92 90 
1 36 99 
30 96 84 
51 95 50 
17 50 85 
82 11 84 
47 13 10 
33 37 21 
27 86 7 
35 34 10 
71 43 79 
42 26 25 
13 21 71 
95 100 17 
36 14 62 
89 2 74 
51 17 57 
4 72 28 
81 13 70 
67 63 82 
36 40 33 
34 83 69 
76 6 72 
25 70 86 
36 13 43 
94 29 10 
66 37 69 
39 22 51 
12 26 6 
22 68 86 
74 69 43 
20 49 79 
66 26 55 
70 15 17 
35 82 67 
66 19 50 
8 27 12 
28 23 87 
27 47 48 
62 27 97 
23 32 22 
19 16 33 
71 16 15 
22 97 87 
78 14 36 
22 95 66 
45 18 35 
10 97 78 
33 44 68 
2 9 6 
7 100 3 
89 33 76 
37 97 74 
94 91 85 
63 8 23 
67 58 83 
3 47 5 
37 42 96 
88 5 84 
33 83 22 
86 1 73 
78 36 33 
26 96 5 
9 6 46 
5 57 60 
22 99 63 
3 26 57 
15 26 3 
71 5 54 
32 6 67 
17 96 80 
21 7 1 
85 14 48 
91 54 53 
22 50 79 
47 30 16 
26 32 63 
8 100 24 
67 49 28 
66 57 55 
56 21 69 
44 31 27 
50 77 31 
81 52 71 
40 61 63 
42 26 97 
47 90 46 
37 77 86 
57 85 10 
92 100 95 
20 79 8 
34 2 26 
24 60 28 
93 8 98 
37 66 45 
88 83 70 
100 84 41 
3 18 15 
40 14 66 
10 50 2 
93 99 55 
10 50 21 
84 32 39 
74 33 69 
66 11 69 
56 36 12 
2 94 73 
77 62 43 
32 72 57 
82 33 72 
89 76 66 
17 21 23 
88 95 87 
86 6 5 
29 15 77 
84 1 38 
11 46 59 
85 16 90 
34 74 19 
77 2 87 
53 46 6 
82 56 79 
64 98 34 
17 76 61 
42 45 30 
33 42 53 
52 53 58 
67 45 71 
40 73 50 
83 58 36 
58 100 93 
31 45 91 
74 53 49 
12 75 14 
27 78 4 
55 89 59 
62 31 14 
91 41 39 
31 13 33 
64 44 76 
72 19 100 
50 95 34 
5 76 86 
52 69 76 
48 12 89 
32 8 78 
48 52 35 
55 34 86 
57 97 68 
63 23 95 
90 58 29 
97 67 89 
93 64 47 
27 54 25 
11 37 54 
27 33 2 
26 48 4 
12 66 93 
24 3 25 
11 41 15 
98 43 77 
2 37 68 
31 39 81 
65 22 85 
23 81 59 
45 11 95 
99 11 23 
37 88 78 
78 42 44 
74 5 24 
88 37 11 
32 5 43 
57 72 25 
41 39 60 
76 44 2 
65 95 14 
75 55 94 
4 43 85 
6 19 74 
41 48 24 
95 6 19 
45 60 75 
78 47 5 
81 34 21 
63 75 54 
44 18 51 
47 78 53 
91 53 85 
65 14 88 
73 2 29 
91 82 39 
67 64 68 
95 40 31 
24 82 95 
84 18 47 
91 80 84 
28 53 60 
65 5 31 
46 71 37 
8 27 91 
26 83 7 
61 69 9 
96 51 14 
22 41 15 
12 67 77 
72 65 88 
56 84 55 
65 31 59 
26 43 85 
53 79 64 
54 61 75 
10 15 35 
84 49 93 
3 90 9 
48 88 59 
35 46 83 
99 34 100 
53 76 50 
16 59 24 
38 3 63 
60 99 44 
51 90 10 
63 83 9 
62 76 82 
79 93 66 
27 58 24 
19 14 1 
45 65 19 
27 90 83 
12 65 90 
23 1 82 
58 49 51 
46 72 74 
55 53 35 
72 54 74 
12 67 20 
43 78 62 
75 23 49 
31 22 7 
3 17 39 
29 94 39 
88 98 97 
71 64 12 
45 95 31 
