5000
98 6 66 
49 64 65 
4 34 46 
77 2 50 
21 41 48 
72 38 76 
78 5 47 
52 11 28 
99 79 30 
55 98 1 
45 5 73 
53 67 15 
8 71 58 
20 98 45 
62 40 21 
43 18 13 
54 59 65 
59 8 45 
83 93 50 
26 24 32 
84 6 37 
22 41 15 
16 84 53 
93 18 79 
14 45 41 
15 33 75 
95 28 67 
5 62 17 
77 36 34 
12 88 63 
27 20 58 
67 60 81 
8 49 54 
29 20 45 
9 97 51 
90 19 71 
30 9 42 
100 39 33 
99 100 15 
14 56 93 
48 100 99 
56 92 53 
60 81 56 
71 80 5 
76 39 1 
57 99 10 
95 97 98 
20 16 69 
85 98 9 
57 80 10 
23 14 69 
46 6 33 
29 88 68 
96 41 98 
41 93 24 
74 44 97 
4 28 54 
54 32 80 
50 68 3 
100 67 79 
20 94 9 
45 92 66 
56 71 18 
20 97 74 
19 75 85 
79 10 9 
10 19 64 
17 73 99 
72 70 54 
91 74 93 
75 92 91 
52 64 55 
88 13 15 
84 26 11 
79 31 43 
73 64 71 
73 95 86 
19 71 99 
19 92 40 
98 64 29 
21 84 69 
53 49 21 
81 20 29 
27 47 48 
15 4 25 
51 48 30 
48 85 4 
9 60 28 
45 78 89 
71 62 20 
67 13 17 
95 42 80 
13 32 5 
32 53 39 
96 38 56 
76 25 41 
18 5 42 
83 95 92 
88 4 53 
86 23 58 
69 74 8 
6 37 8 
8 30 88 
19 78 69 
64 96 75 
63 8 23 
95 17 20 
15 84 41 
69 45 80 
4 11 16 
9 10 55 
57 79 73 
31 71 20 
70 52 29 
80 76 28 
56 69 67 
31 50 65 
83 63 64 
14 50 62 
67 23 5 
74 25 97 
38 9 58 
56 81 32 
83 33 71 
10 21 47 
62 32 46 
3 40 94 
81 39 31 
95 5 81 
63 73 6 
79 4 15 
36 10 6 
70 53 49 
16 24 59 
40 58 48 
75 56 52 
12 61 52 
54 70 85 
1 16 84 
31 8 36 
22 39 55 
35 38 6 
11 48 29 
25 53 11 
30 39 78 
84 42 81 
44 93 3 
77 39 42 
7 36 29 
12 32 33 
38 60 12 
99 9 3 
93 26 64 
22 33 39 
90 68 15 
45 95 11 
92 71 85 
87 49 29 
95 77 4 
16 41 25 
65 71 95 
70 46 67 
98 21 80 
37 60 4 
96 18 91 
60 55 75 
5 89 97 
42 44 78 
24 3 50 
47 30 97 
19 27 72 
54 74 20 
97 29 84 
8 100 21 
56 14 92 
69 70 84 
90 56 31 
96 90 94 
55 20 52 
54 40 72 
41 97 32 
14 79 62 
21 6 31 
26 15 38 
82 50 93 
20 50 88 
45 43 56 
46 74 72 
86 54 29 
12 66 93 
98 77 22 
99 66 62 
59 82 19 
28 25 65 
42 89 9 
75 77 11 
28 5 8 
25 87 16 
43 71 13 
32 100 60 
46 2 41 
5 19 74 
48 24 41 
86 40 67 
58 36 79 
53 35 95 
99 35 2 
45 40 89 
62 73 39 
100 70 88 
76 5 77 
72 34 3 
37 95 30 
78 76 54 
24 69 98 
55 27 37 
16 6 42 
16 15 11 
60 7 73 
99 49 73 
89 92 35 
79 94 75 
59 29 25 
31 93 34 
41 81 82 
74 96 63 
89 24 20 
93 45 95 
54 1 28 
90 31 92 
59 56 61 
64 72 73 
37 40 46 
42 85 36 
62 57 33 
39 32 90 
97 1 23 
75 28 43 
76 12 62 
34 53 38 
47 33 83 
11 83 58 
8 98 93 
89 41 71 
30 66 16 
56 79 82 
54 85 30 
57 21 12 
23 71 27 
31 15 47 
72 24 71 
59 48 31 
74 90 68 
5 91 6 
25 51 18 
40 94 72 
21 53 78 
13 67 43 
40 98 44 
12 37 30 
48 24 90 
51 49 10 
63 99 18 
100 8 77 
76 4 96 
14 33 28 
83 76 90 
44 16 19 
23 14 58 
27 15 23 
33 97 59 
51 61 5 
32 66 47 
25 78 62 
34 52 88 
34 85 32 
19 80 91 
32 84 50 
6 34 57 
82 70 76 
60 44 58 
91 41 36 
10 75 82 
79 1 50 
20 96 79 
56 100 43 
83 23 16 
58 29 98 
19 66 43 
30 12 65 
6 43 55 
30 21 95 
75 96 22 
89 18 67 
26 56 4 
61 79 16 
62 44 84 
67 43 64 
39 31 19 
98 64 59 
89 42 70 
15 42 34 
36 2 50 
64 30 31 
12 60 7 
93 71 25 
7 83 52 
54 25 27 
20 75 89 
94 44 26 
78 4 56 
3 50 59 
78 40 24 
61 44 46 
27 60 24 
13 26 49 
1 70 31 
65 18 64 
44 97 1 
16 79 95 
19 41 48 
29 66 50 
94 78 91 
57 36 56 
14 8 45 
88 89 61 
17 51 57 
62 38 18 
77 37 30 
86 52 67 
56 35 100 
59 20 42 
34 25 31 
76 53 50 
54 55 87 
28 87 23 
33 36 78 
8 44 39 
43 67 89 
62 27 58 
91 31 23 
29 47 77 
35 59 70 
94 83 4 
10 85 99 
27 66 98 
12 14 79 
100 80 55 
39 50 91 
97 13 9 
28 44 57 
79 14 4 
26 44 49 
50 22 97 
72 5 19 
87 35 95 
23 67 40 
55 46 80 
63 22 69 
97 67 87 
65 57 39 
3 33 19 
32 83 44 
37 71 90 
15 30 81 
65 24 55 
7 75 67 
19 44 64 
77 33 42 
64 24 11 
16 95 45 
40 7 53 
57 97 12 
84 78 7 
82 70 22 
27 58 24 
31 81 82 
43 22 26 
95 74 70 
25 28 92 
9 51 57 
73 2 29 
11 69 66 
70 57 50 
68 10 35 
23 62 14 
46 26 5 
14 29 44 
90 54 9 
45 78 64 
27 15 93 
5 34 52 
31 34 51 
17 70 45 
18 24 15 
86 47 74 
93 4 75 
57 4 95 
19 16 33 
27 60 26 
35 72 82 
51 68 7 
68 44 33 
64 69 98 
79 90 26 
2 78 21 
86 72 16 
22 31 17 
20 22 1 
47 12 81 
91 4 19 
86 40 64 
4 58 41 
68 76 25 
70 23 60 
12 79 68 
97 98 88 
35 34 53 
1 25 73 
82 24 25 
84 95 59 
46 90 47 
57 89 65 
34 1 15 
75 1 86 
70 46 66 
4 12 19 
34 72 35 
65 10 74 
53 31 48 
77 3 57 
21 90 76 
6 97 52 
77 86 37 
45 40 98 
74 6 78 
28 16 58 
59 25 95 
75 54 55 
30 36 7 
72 77 93 
55 13 67 
48 89 12 
99 43 27 
43 74 95 
38 45 15 
3 100 60 
22 100 21 
14 36 76 
90 62 10 
55 99 1 
30 45 20 
88 30 90 
22 96 68 
7 6 26 
55 10 67 
55 13 24 
31 28 32 
3 71 89 
31 56 46 
67 10 94 
46 35 83 
68 59 74 
26 51 64 
14 3 57 
69 13 80 
73 43 17 
14 45 28 
74 40 4 
45 10 43 
43 21 40 
23 31 73 
56 67 39 
29 77 100 
57 40 46 
75 49 21 
62 79 27 
14 13 53 
85 63 47 
64 49 18 
97 14 11 
77 49 91 
64 31 36 
12 62 90 
39 73 51 
67 41 61 
20 3 18 
93 33 74 
4 51 69 
22 60 45 
4 41 40 
29 65 39 
14 40 96 
82 65 74 
93 63 98 
35 6 31 
60 39 97 
26 95 29 
88 41 25 
57 99 64 
11 37 61 
8 34 35 
34 86 41 
34 45 28 
16 58 27 
57 38 45 
41 53 29 
45 96 82 
25 74 56 
36 96 75 
73 16 10 
45 54 43 
15 77 75 
32 49 76 
70 71 83 
66 78 92 
82 31 69 
6 25 52 
33 47 38 
34 81 45 
94 14 92 
90 65 53 
44 20 26 
57 45 31 
42 74 67 
82 73 68 
38 42 18 
91 26 28 
23 89 64 
27 10 32 
91 95 75 
45 24 71 
33 72 82 
1 37 25 
28 65 93 
30 26 33 
68 25 33 
51 44 46 
18 3 7 
98 5 19 
64 96 34 
11 69 98 
57 13 59 
88 79 66 
25 39 94 
41 25 52 
92 68 19 
78 15 46 
25 32 13 
50 95 51 
92 98 13 
21 45 6 
27 87 1 
12 77 67 
32 63 39 
17 91 68 
41 53 90 
38 89 43 
56 86 77 
67 82 63 
84 82 80 
81 25 21 
98 71 17 
45 33 72 
24 19 48 
98 23 76 
41 44 64 
3 39 75 
8 77 12 
33 79 50 
12 10 96 
97 24 15 
26 37 99 
7 27 100 
85 68 2 
98 47 62 
16 39 64 
80 71 98 
18 97 40 
79 14 32 
62 98 81 
45 64 83 
28 8 38 
22 65 10 
22 5 32 
76 90 11 
54 95 1 
68 26 8 
72 4 28 
35 43 88 
58 74 24 
72 69 65 
14 42 3 
73 24 91 
17 49 69 
43 25 11 
23 27 81 
53 77 84 
31 51 22 
14 50 100 
74 22 15 
4 66 45 
81 95 7 
60 69 70 
78 58 11 
37 87 27 
37 11 54 
11 82 84 
27 41 100 
66 57 55 
52 76 69 
47 50 26 
66 100 58 
87 47 19 
91 54 53 
79 90 66 
46 44 41 
9 8 45 
39 13 47 
93 62 28 
50 38 82 
23 92 55 
72 79 20 
90 38 100 
79 1 40 
72 14 69 
32 38 51 
92 37 75 
31 42 5 
99 25 44 
64 92 14 
55 85 8 
58 56 78 
93 36 71 
82 22 98 
24 32 19 
62 52 43 
30 1 60 
38 89 86 
84 80 54 
61 29 97 
77 64 15 
55 81 35 
75 32 40 
25 28 91 
12 29 99 
98 100 56 
83 71 67 
59 67 93 
3 85 26 
19 69 98 
2 51 57 
3 81 45 
40 93 13 
73 32 1 
63 68 67 
49 98 45 
70 53 18 
58 98 45 
68 80 88 
42 44 5 
24 78 58 
90 13 56 
49 4 68 
71 69 2 
1 76 82 
35 10 15 
17 97 79 
46 26 12 
91 16 86 
47 23 72 
71 69 94 
73 76 9 
78 43 7 
68 84 44 
58 78 25 
20 64 93 
57 90 96 
53 28 48 
1 36 99 
27 2 71 
75 44 50 
79 46 33 
99 2 32 
49 20 2 
56 77 74 
66 7 17 
30 7 32 
58 33 83 
85 39 70 
46 27 95 
5 4 42 
68 76 51 
86 99 71 
73 96 58 
55 64 21 
93 62 19 
15 38 22 
73 56 91 
73 29 38 
49 38 92 
3 26 5 
2 75 63 
44 52 27 
5 25 89 
83 63 93 
64 28 2 
43 17 18 
40 87 71 
90 3 60 
87 1 59 
73 31 3 
64 19 8 
61 97 35 
58 20 84 
30 33 7 
96 95 74 
36 47 100 
41 71 30 
88 14 40 
30 81 99 
9 92 50 
87 86 64 
4 8 10 
12 66 27 
65 79 17 
11 1 38 
42 24 52 
37 40 75 
87 100 91 
100 76 27 
80 97 22 
86 1 73 
16 48 7 
87 98 63 
94 83 52 
69 48 7 
27 63 35 
18 25 2 
97 23 21 
66 79 11 
81 12 17 
78 11 57 
58 18 81 
67 81 25 
31 36 51 
74 96 9 
15 50 53 
71 88 33 
29 31 4 
44 76 73 
49 21 31 
81 17 21 
62 53 28 
38 93 50 
74 19 7 
98 73 64 
56 49 98 
51 29 32 
97 24 14 
55 88 75 
26 75 100 
27 48 7 
39 30 2 
49 34 39 
32 95 89 
22 78 72 
57 47 11 
90 50 12 
38 93 37 
87 41 32 
75 42 49 
83 71 18 
66 53 39 
79 5 23 
91 31 53 
95 78 42 
68 23 22 
44 53 36 
78 14 56 
66 35 97 
58 12 85 
31 52 55 
24 87 6 
72 34 78 
79 87 47 
57 40 34 
8 24 92 
100 82 19 
76 61 90 
74 15 17 
7 16 20 
49 13 29 
34 97 52 
89 15 72 
2 18 92 
52 18 95 
74 2 30 
75 88 21 
75 11 36 
36 47 30 
45 30 70 
92 73 7 
48 66 71 
13 36 34 
29 5 28 
23 83 57 
57 68 7 
37 24 45 
29 78 63 
18 80 59 
73 43 77 
37 48 76 
82 74 79 
97 91 32 
15 67 89 
31 25 47 
25 32 16 
22 21 23 
25 39 59 
19 17 22 
50 87 67 
37 89 63 
1 78 65 
71 4 61 
23 26 43 
30 96 64 
60 22 68 
49 25 12 
90 71 72 
45 22 66 
21 85 92 
49 65 95 
61 43 22 
66 53 3 
22 87 97 
91 55 48 
58 48 72 
82 81 38 
62 89 28 
27 89 97 
14 92 65 
54 25 97 
99 22 75 
100 87 34 
24 98 49 
68 41 96 
67 24 23 
23 11 48 
23 85 14 
29 4 8 
86 35 99 
66 81 49 
78 18 86 
76 27 38 
22 31 7 
43 82 63 
34 95 50 
98 9 75 
64 42 37 
70 59 66 
4 88 68 
47 84 34 
29 15 77 
64 72 99 
44 60 7 
5 71 23 
51 35 17 
29 2 10 
36 19 1 
61 89 25 
12 15 64 
94 18 28 
19 79 52 
86 98 84 
47 38 93 
94 32 29 
21 86 49 
19 61 96 
57 53 8 
29 16 8 
2 85 49 
25 17 65 
11 34 73 
75 4 34 
13 23 11 
7 53 46 
10 87 84 
33 97 52 
33 36 32 
50 68 85 
30 8 37 
94 51 86 
76 73 90 
43 89 21 
61 65 71 
57 6 51 
99 82 57 
100 48 4 
3 40 88 
42 26 82 
7 39 88 
72 66 77 
70 54 40 
99 62 68 
54 14 97 
70 94 33 
63 68 61 
6 37 69 
20 25 43 
75 23 88 
40 37 27 
43 32 16 
55 88 2 
58 90 73 
61 54 89 
39 100 62 
57 19 36 
78 100 90 
10 11 73 
16 56 69 
59 32 30 
62 59 54 
21 26 2 
15 14 22 
96 20 26 
51 49 63 
55 99 63 
6 90 28 
82 79 95 
58 73 44 
98 5 79 
65 69 31 
39 4 30 
89 14 19 
53 63 44 
78 36 29 
39 45 30 
13 24 61 
85 57 66 
4 80 68 
85 8 68 
99 83 62 
47 64 67 
73 40 10 
85 59 56 
22 32 82 
100 54 33 
55 98 19 
50 10 73 
28 9 26 
45 62 97 
83 1 70 
42 76 95 
8 93 86 
95 10 15 
91 27 39 
35 5 90 
44 1 20 
16 18 59 
67 92 11 
36 67 35 
50 9 58 
78 27 35 
88 86 52 
20 7 6 
77 48 16 
100 22 83 
59 95 5 
95 60 46 
52 72 61 
36 16 19 
26 60 17 
42 83 23 
44 24 71 
64 48 42 
7 99 98 
2 41 8 
21 60 38 
3 19 40 
76 2 49 
44 11 58 
71 45 67 
26 46 64 
14 51 29 
4 15 55 
62 26 100 
8 78 32 
47 16 30 
42 70 7 
64 3 100 
54 22 32 
87 9 47 
20 13 5 
66 2 60 
87 99 75 
78 36 2 
2 25 57 
20 46 64 
39 86 97 
37 49 79 
74 24 77 
99 66 9 
59 88 48 
52 91 79 
70 65 80 
89 76 33 
23 97 66 
46 12 54 
61 25 100 
53 74 40 
13 2 25 
41 47 5 
28 70 7 
77 94 14 
54 51 52 
95 2 74 
89 81 64 
83 73 70 
58 59 6 
53 51 28 
66 36 63 
2 43 69 
88 92 91 
28 31 13 
44 56 35 
33 83 22 
84 37 70 
23 19 76 
29 100 61 
19 15 71 
2 26 81 
84 33 76 
56 2 84 
67 75 10 
23 69 95 
38 33 35 
20 8 51 
86 66 29 
2 7 1 
10 22 44 
65 69 38 
61 57 94 
14 16 46 
41 44 91 
12 13 20 
69 26 6 
75 91 41 
84 76 29 
43 32 5 
23 62 7 
51 7 93 
49 60 14 
22 28 67 
14 77 99 
5 84 94 
8 47 80 
70 85 82 
83 81 3 
13 16 68 
6 39 87 
66 56 8 
40 66 14 
62 5 75 
11 12 20 
37 15 66 
5 54 44 
2 91 60 
77 83 99 
13 38 23 
56 55 84 
13 36 43 
75 13 87 
75 34 94 
61 80 49 
41 66 2 
94 74 100 
40 19 7 
40 54 59 
6 85 44 
64 93 92 
28 34 69 
37 3 50 
13 86 16 
74 96 62 
81 46 87 
2 16 30 
80 29 13 
20 48 6 
81 34 21 
17 99 58 
62 79 29 
10 80 55 
76 13 38 
49 90 15 
75 94 55 
80 38 77 
99 71 14 
86 33 63 
55 33 59 
38 50 47 
26 72 57 
66 26 55 
48 37 43 
88 70 83 
84 71 46 
54 26 48 
43 45 88 
2 25 61 
11 100 13 
19 87 37 
65 26 94 
80 18 73 
35 48 38 
33 96 71 
9 41 76 
78 97 11 
20 1 7 
60 1 97 
43 66 7 
46 98 38 
23 90 21 
43 71 95 
33 34 74 
69 23 31 
84 76 71 
62 52 96 
92 35 30 
88 93 9 
83 78 62 
31 68 60 
65 23 88 
26 32 5 
73 36 26 
77 60 45 
83 67 43 
96 90 72 
64 19 6 
85 30 67 
44 33 93 
51 100 96 
55 81 1 
54 72 93 
48 16 68 
59 12 64 
87 54 48 
68 8 7 
78 53 47 
80 27 23 
95 38 63 
36 17 58 
69 74 43 
60 94 39 
48 91 96 
49 3 90 
50 93 12 
41 83 2 
10 90 1 
100 12 27 
26 22 97 
18 28 35 
11 90 13 
60 98 80 
12 15 85 
39 54 43 
12 87 29 
13 40 61 
81 31 94 
61 40 63 
34 64 98 
65 100 43 
36 29 87 
90 56 58 
79 76 67 
37 96 97 
94 24 91 
59 94 63 
55 7 42 
88 37 78 
44 13 17 
100 76 62 
35 97 19 
93 53 49 
63 14 10 
62 100 49 
33 53 11 
37 82 12 
42 66 86 
54 3 51 
20 78 25 
25 39 100 
49 93 27 
100 2 30 
17 47 61 
60 84 34 
88 28 30 
5 24 74 
16 49 96 
26 31 96 
57 12 39 
53 87 91 
44 18 10 
47 10 4 
70 46 91 
99 27 46 
23 12 60 
83 66 61 
75 2 49 
3 50 44 
42 92 26 
35 28 56 
69 41 51 
39 48 12 
21 51 62 
86 6 72 
8 93 34 
66 69 37 
77 87 2 
92 9 32 
73 20 87 
19 14 60 
85 9 80 
66 44 64 
82 76 22 
89 57 79 
51 90 80 
57 34 2 
17 35 75 
11 41 15 
77 86 28 
48 44 11 
27 63 66 
30 26 15 
51 34 39 
16 40 73 
35 8 65 
68 21 18 
19 1 14 
50 30 58 
69 43 34 
41 60 9 
41 38 54 
95 22 66 
54 20 29 
62 100 18 
37 41 11 
94 58 24 
51 80 48 
3 54 76 
89 67 83 
72 61 97 
43 33 32 
39 15 58 
61 16 73 
64 37 24 
94 32 44 
37 13 42 
32 18 71 
47 13 6 
30 93 16 
29 28 1 
15 24 98 
58 4 59 
60 55 100 
69 35 79 
81 93 11 
12 26 6 
11 13 68 
26 6 45 
40 2 22 
82 87 22 
24 65 5 
45 46 49 
73 20 10 
80 94 59 
53 81 60 
96 5 49 
24 83 55 
43 73 85 
95 15 63 
55 49 6 
21 32 25 
74 7 37 
62 33 60 
69 53 96 
29 84 99 
65 8 52 
9 35 94 
1 24 22 
91 46 95 
75 20 29 
93 98 26 
29 21 78 
29 17 31 
4 34 57 
46 50 19 
60 8 89 
97 12 23 
42 37 98 
50 79 53 
76 63 34 
46 66 85 
51 42 58 
34 36 15 
16 65 25 
68 34 20 
17 2 14 
16 2 6 
65 81 37 
59 17 33 
86 58 40 
82 19 80 
75 21 27 
58 25 64 
40 39 89 
75 6 43 
59 19 34 
85 67 27 
69 58 94 
66 2 15 
89 34 99 
60 54 94 
7 32 84 
20 38 89 
15 51 1 
93 52 77 
68 70 82 
6 86 10 
10 17 64 
100 64 86 
76 94 67 
18 93 44 
42 75 68 
14 23 99 
26 77 84 
78 37 5 
99 65 82 
89 41 80 
65 75 25 
69 41 22 
17 62 36 
83 16 82 
21 2 65 
69 90 80 
15 71 22 
65 88 34 
64 68 67 
9 53 15 
48 43 33 
42 38 52 
86 99 94 
27 25 62 
57 11 40 
3 16 84 
99 1 32 
76 1 57 
65 8 80 
43 81 16 
44 27 50 
92 72 98 
19 24 9 
86 12 99 
49 52 39 
19 11 37 
81 11 39 
18 93 7 
10 26 57 
50 84 88 
71 29 63 
1 47 32 
100 29 20 
74 36 41 
22 2 33 
51 90 84 
28 12 27 
34 29 9 
13 72 93 
47 72 11 
55 40 52 
25 75 62 
100 31 16 
60 58 79 
96 85 19 
72 12 77 
24 37 8 
64 76 25 
29 31 9 
6 7 9 
94 55 8 
99 80 16 
18 83 61 
80 85 81 
94 1 41 
13 22 39 
73 10 44 
55 44 10 
12 2 6 
26 90 46 
27 74 51 
31 95 12 
82 90 62 
81 35 71 
99 67 27 
30 62 1 
68 94 43 
78 74 25 
41 43 80 
29 74 92 
83 35 86 
82 77 20 
1 31 89 
17 100 68 
48 20 92 
72 32 13 
19 100 72 
49 22 21 
28 65 27 
32 81 50 
4 7 9 
22 90 36 
42 67 47 
85 90 53 
92 93 81 
40 84 42 
4 42 76 
24 57 87 
89 23 30 
70 52 15 
92 45 81 
62 80 49 
40 65 16 
99 77 6 
68 31 84 
71 70 20 
20 7 9 
27 48 16 
75 27 91 
21 18 65 
13 9 27 
19 14 17 
31 40 68 
89 8 13 
46 13 27 
18 73 63 
20 15 17 
29 77 22 
72 66 52 
89 75 2 
11 44 35 
21 71 13 
5 48 34 
29 36 81 
30 38 14 
93 22 98 
28 18 4 
86 55 19 
51 25 98 
93 59 22 
9 32 21 
20 7 62 
78 97 1 
31 23 87 
89 98 68 
19 61 57 
73 1 35 
40 17 13 
12 31 34 
39 42 80 
89 40 98 
38 50 9 
28 8 48 
70 48 87 
28 60 24 
76 94 96 
11 46 59 
50 97 26 
73 23 22 
90 49 53 
64 1 42 
61 69 41 
28 64 52 
26 17 31 
67 8 4 
57 49 45 
28 17 31 
75 24 56 
60 21 81 
34 71 89 
48 71 3 
13 21 88 
40 22 89 
14 29 89 
51 73 62 
26 95 36 
40 45 21 
6 20 72 
10 67 46 
50 63 53 
90 65 12 
2 37 68 
80 97 1 
46 70 9 
97 4 21 
22 47 57 
57 19 44 
16 70 7 
82 76 62 
50 59 94 
70 38 88 
11 23 74 
68 87 80 
15 45 27 
75 79 89 
83 75 29 
31 45 91 
5 71 16 
83 75 78 
10 78 4 
5 21 73 
62 20 91 
97 46 100 
54 72 12 
60 7 67 
19 87 91 
50 56 19 
86 11 51 
81 18 87 
8 76 19 
70 5 81 
78 31 32 
1 26 95 
72 18 68 
70 16 66 
84 16 20 
2 95 46 
46 93 20 
8 41 6 
51 43 12 
13 4 42 
3 100 7 
77 38 33 
50 14 8 
14 44 42 
6 69 9 
58 17 81 
55 22 81 
95 77 44 
46 27 44 
83 74 59 
43 79 71 
44 95 85 
47 31 90 
40 77 79 
81 26 33 
12 24 97 
12 26 4 
64 22 78 
66 62 58 
28 6 70 
36 95 96 
76 63 35 
39 53 29 
88 43 47 
96 25 100 
41 87 88 
92 4 80 
37 72 50 
69 35 40 
39 54 25 
71 50 97 
46 30 85 
27 72 45 
6 41 31 
34 7 28 
81 12 76 
92 24 23 
51 39 22 
81 42 38 
68 36 17 
47 9 58 
6 86 5 
43 71 1 
45 18 81 
5 85 34 
72 70 15 
69 5 82 
9 56 77 
45 56 28 
71 58 63 
6 87 96 
81 66 93 
38 3 63 
9 62 1 
5 48 19 
92 87 27 
41 94 77 
22 25 55 
64 72 37 
54 71 5 
18 44 51 
14 73 48 
21 43 65 
36 87 10 
94 35 88 
59 28 8 
55 21 5 
100 41 84 
6 42 26 
14 2 37 
88 54 82 
100 18 30 
26 1 76 
3 74 86 
69 10 100 
10 38 34 
95 72 76 
98 39 62 
83 5 20 
17 51 26 
61 33 84 
63 100 26 
51 36 49 
97 21 99 
4 7 85 
60 80 83 
37 66 77 
71 64 12 
4 66 29 
54 33 9 
7 15 97 
89 93 36 
99 21 5 
38 63 66 
87 55 50 
10 8 70 
90 93 44 
48 81 28 
6 5 42 
48 29 84 
58 97 26 
99 8 47 
51 48 36 
8 60 6 
63 57 75 
27 86 7 
1 50 35 
35 16 63 
50 8 1 
44 18 85 
11 57 5 
77 17 56 
20 83 84 
96 30 85 
11 15 82 
39 3 47 
57 98 22 
40 56 57 
29 58 75 
77 21 49 
75 16 88 
86 1 64 
57 33 98 
84 93 49 
6 60 39 
55 95 25 
27 8 25 
45 46 76 
24 22 48 
59 49 95 
88 70 90 
81 74 52 
100 48 34 
40 36 35 
15 26 20 
28 10 36 
74 36 27 
60 61 3 
78 91 77 
17 7 32 
35 31 54 
57 2 99 
33 17 36 
53 98 22 
70 72 83 
63 89 6 
38 65 33 
7 14 83 
67 58 75 
46 25 7 
89 38 76 
11 27 74 
87 43 37 
34 90 39 
47 15 56 
62 80 26 
15 29 94 
82 98 77 
75 24 88 
37 70 21 
69 58 87 
18 25 22 
100 37 75 
38 42 25 
43 70 71 
32 41 74 
51 62 98 
64 7 24 
81 21 9 
74 75 70 
5 65 31 
18 53 57 
56 72 45 
87 49 35 
30 45 49 
60 81 46 
53 91 77 
40 13 20 
57 52 17 
88 19 86 
90 2 65 
53 58 52 
35 21 14 
13 53 57 
10 26 59 
19 72 49 
11 43 73 
96 90 76 
4 10 72 
64 39 74 
61 73 9 
41 16 83 
86 35 68 
36 92 24 
31 8 3 
33 15 53 
84 87 5 
46 49 65 
22 71 17 
87 89 84 
48 13 52 
29 78 30 
52 13 58 
21 36 57 
88 20 16 
4 5 66 
49 39 68 
65 64 52 
96 25 43 
84 72 18 
21 92 64 
64 12 20 
38 25 93 
43 85 18 
53 14 95 
91 85 77 
4 90 75 
61 73 82 
80 87 26 
94 17 37 
91 13 95 
47 60 27 
11 62 14 
89 80 12 
25 100 2 
16 48 14 
3 48 21 
15 26 3 
40 27 11 
5 24 4 
61 81 40 
59 100 29 
91 83 16 
57 10 85 
26 4 65 
100 4 34 
94 28 52 
81 36 26 
68 15 91 
18 26 64 
65 58 80 
71 55 77 
12 58 1 
81 96 64 
65 4 91 
90 68 14 
48 34 89 
25 27 46 
31 38 25 
84 64 70 
50 30 98 
55 12 16 
7 83 92 
39 27 38 
16 71 39 
1 79 81 
6 94 25 
27 35 80 
96 50 32 
79 12 1 
41 50 49 
63 77 66 
36 63 83 
29 60 67 
67 6 73 
52 3 9 
82 95 24 
88 23 52 
97 9 93 
78 36 34 
59 54 45 
17 7 9 
12 83 50 
46 6 2 
56 11 98 
85 43 87 
23 100 56 
49 36 17 
45 60 8 
14 86 27 
31 41 80 
11 20 21 
45 90 82 
40 19 53 
12 24 10 
30 86 37 
66 52 29 
12 56 10 
28 63 4 
72 46 69 
60 26 61 
17 95 28 
42 58 71 
49 72 38 
17 4 53 
13 88 75 
18 48 8 
13 56 78 
46 13 71 
31 85 82 
20 79 63 
15 79 59 
64 20 31 
79 38 8 
53 64 2 
51 37 50 
55 98 23 
9 14 97 
30 40 74 
96 3 29 
43 63 71 
39 30 97 
23 45 3 
60 36 82 
11 57 93 
62 47 7 
1 26 74 
3 56 16 
59 6 68 
15 71 39 
1 70 85 
40 19 13 
52 45 68 
95 70 72 
62 59 1 
32 97 23 
83 26 75 
39 10 11 
42 7 54 
41 83 34 
1 14 30 
73 45 74 
3 50 78 
69 42 75 
42 29 98 
13 67 34 
48 99 55 
84 34 87 
38 35 45 
75 35 22 
93 69 20 
99 72 80 
70 78 11 
43 89 30 
62 78 39 
31 70 24 
5 21 64 
20 71 45 
97 17 22 
50 9 79 
46 67 55 
67 87 44 
94 82 20 
69 48 22 
78 29 35 
80 30 9 
35 16 11 
90 15 65 
76 95 81 
82 6 35 
91 25 38 
15 37 29 
40 8 24 
3 51 11 
73 76 50 
72 54 74 
57 97 68 
30 86 48 
83 18 63 
68 93 90 
31 97 81 
37 30 71 
1 84 65 
35 22 8 
41 86 47 
11 24 29 
57 10 91 
42 74 70 
5 63 44 
6 66 42 
12 27 2 
87 36 63 
35 68 71 
61 29 27 
15 45 35 
65 14 88 
14 72 89 
59 41 9 
95 63 49 
24 18 60 
80 99 87 
7 48 23 
10 33 29 
68 77 67 
24 65 27 
6 66 77 
79 94 44 
80 98 47 
70 20 91 
75 24 44 
96 86 18 
59 57 61 
2 29 83 
46 76 68 
81 39 30 
3 25 91 
47 30 73 
71 67 18 
52 41 58 
38 61 53 
15 22 61 
84 76 3 
55 20 92 
38 73 67 
11 85 38 
18 14 2 
37 38 91 
84 69 77 
74 24 1 
21 38 14 
16 13 51 
1 8 95 
28 88 72 
15 18 30 
53 52 83 
36 90 12 
47 17 19 
91 35 33 
75 35 54 
61 68 65 
81 78 96 
50 52 78 
21 7 3 
65 21 81 
51 18 32 
89 80 46 
5 8 98 
61 100 66 
46 24 66 
91 41 12 
52 49 61 
4 7 47 
92 48 99 
90 67 44 
55 36 100 
23 93 48 
66 68 46 
71 28 87 
57 4 51 
84 36 71 
52 94 68 
18 67 39 
32 9 47 
30 90 79 
87 11 66 
4 90 80 
6 86 31 
5 37 15 
20 26 5 
27 56 32 
72 27 29 
88 70 84 
20 37 79 
37 86 27 
78 96 14 
99 22 11 
59 84 35 
1 32 4 
19 51 24 
40 77 99 
30 5 58 
50 2 10 
100 11 79 
54 40 79 
57 54 36 
29 46 87 
88 95 87 
31 54 39 
1 44 42 
66 7 82 
18 62 97 
64 43 11 
12 86 8 
29 93 6 
18 44 36 
69 33 74 
66 61 53 
83 41 79 
9 90 3 
33 66 51 
4 85 43 
6 95 38 
22 17 96 
66 78 57 
43 95 49 
48 99 12 
87 34 40 
65 45 29 
84 43 75 
83 47 78 
9 63 42 
65 14 89 
43 74 66 
94 62 81 
31 68 46 
50 95 36 
95 4 2 
99 8 21 
26 29 47 
16 90 17 
22 2 77 
38 23 45 
61 78 51 
89 95 38 
98 63 39 
31 33 74 
89 62 98 
8 83 37 
99 14 41 
55 72 21 
4 22 35 
24 78 72 
1 12 14 
16 17 18 
70 41 56 
57 71 37 
59 95 47 
3 83 52 
32 99 59 
74 21 28 
38 30 36 
8 100 25 
62 12 92 
60 41 73 
22 30 55 
90 51 35 
65 37 75 
69 36 18 
56 68 9 
43 75 78 
58 50 57 
62 23 74 
35 86 77 
21 14 33 
92 12 16 
34 83 2 
48 52 35 
97 36 98 
13 78 3 
53 92 36 
66 6 61 
10 37 49 
50 39 85 
88 83 33 
30 13 15 
47 80 71 
7 24 43 
70 30 47 
7 1 26 
97 91 78 
48 89 44 
26 87 27 
97 84 53 
64 44 4 
86 68 22 
41 48 74 
71 100 24 
54 82 8 
86 88 100 
17 4 3 
7 17 80 
76 51 24 
72 94 33 
20 12 15 
65 41 6 
88 92 90 
64 43 40 
39 50 33 
16 90 47 
45 72 73 
3 78 99 
58 27 91 
76 50 3 
18 81 63 
67 80 44 
38 65 17 
56 22 92 
23 66 1 
91 41 39 
43 53 35 
19 5 50 
94 29 49 
29 18 22 
14 64 52 
32 77 8 
81 74 80 
8 100 24 
45 30 98 
78 15 51 
91 6 89 
5 50 18 
33 47 62 
48 1 67 
11 71 29 
14 63 95 
58 12 92 
93 55 99 
59 74 98 
12 20 52 
54 26 22 
76 41 43 
30 1 20 
78 96 35 
62 36 61 
77 51 30 
68 86 78 
64 10 43 
7 63 49 
21 65 10 
18 16 22 
82 2 1 
1 25 21 
64 9 45 
60 99 87 
1 98 34 
70 9 53 
87 36 59 
57 98 89 
23 5 86 
43 41 20 
46 15 24 
9 13 30 
96 60 54 
33 59 94 
10 76 80 
44 73 11 
47 21 20 
42 53 33 
67 25 9 
57 72 25 
36 90 24 
72 44 69 
44 23 10 
67 29 62 
8 90 42 
74 77 55 
38 82 68 
15 16 36 
77 26 43 
49 23 32 
72 100 16 
88 11 89 
55 9 2 
61 75 9 
21 63 49 
34 28 41 
15 40 94 
61 63 67 
44 34 98 
33 37 3 
9 33 59 
42 53 41 
47 5 3 
66 13 60 
29 62 98 
1 45 14 
34 95 94 
23 38 5 
57 84 94 
47 13 10 
64 68 6 
91 29 46 
45 31 95 
96 25 58 
64 52 73 
38 31 36 
92 35 22 
95 19 5 
55 15 81 
81 72 66 
17 25 39 
94 9 89 
66 14 21 
82 15 87 
28 8 24 
50 11 56 
75 32 8 
56 96 97 
66 51 61 
22 60 43 
9 71 57 
64 51 99 
13 75 67 
5 92 48 
4 3 100 
99 12 4 
80 94 23 
71 5 88 
49 36 42 
68 77 29 
76 63 96 
49 58 22 
17 30 67 
70 49 46 
60 74 89 
89 15 84 
54 82 52 
84 9 86 
93 21 57 
91 82 16 
84 87 4 
14 96 82 
96 51 92 
30 63 27 
80 13 3 
25 27 82 
76 88 41 
97 84 86 
26 37 4 
2 37 57 
31 9 33 
15 83 51 
68 15 25 
6 28 98 
46 86 17 
63 14 24 
80 4 10 
11 33 39 
84 38 34 
19 55 93 
98 68 36 
79 44 3 
31 66 19 
59 88 23 
91 80 13 
30 36 88 
6 64 70 
9 27 54 
98 79 58 
14 63 61 
67 18 23 
32 94 73 
36 9 21 
81 27 32 
43 40 9 
35 82 88 
64 9 36 
65 47 73 
39 58 49 
51 14 63 
79 4 86 
17 16 48 
16 30 68 
8 26 98 
49 16 19 
47 83 29 
64 16 46 
10 25 21 
40 51 90 
3 82 56 
43 66 39 
26 35 74 
57 6 45 
6 80 83 
8 23 2 
30 45 51 
51 63 36 
91 25 31 
53 39 79 
72 69 41 
45 49 62 
3 33 94 
22 99 48 
21 84 94 
51 68 56 
62 89 11 
93 66 22 
20 45 79 
8 71 38 
78 77 22 
12 94 23 
3 41 12 
14 33 54 
7 87 32 
2 42 48 
91 100 57 
60 57 78 
54 92 5 
69 57 3 
6 32 43 
50 72 90 
13 93 88 
48 27 73 
15 96 12 
23 93 2 
82 31 72 
27 1 85 
45 68 48 
91 42 29 
12 45 37 
43 46 96 
2 26 28 
23 26 30 
58 99 37 
91 25 2 
47 50 42 
80 75 27 
12 85 33 
88 56 77 
88 33 85 
42 95 27 
69 31 16 
64 55 100 
12 31 22 
57 32 84 
24 67 86 
35 18 45 
36 39 79 
59 11 53 
77 65 94 
27 2 33 
91 26 4 
55 74 40 
87 53 52 
10 18 74 
83 13 85 
84 87 94 
16 45 21 
83 65 73 
84 83 22 
68 43 22 
75 77 48 
18 84 47 
82 10 7 
84 17 82 
80 10 1 
94 10 40 
78 46 36 
18 70 36 
23 16 87 
82 99 98 
57 99 37 
89 22 35 
67 63 25 
18 8 69 
59 73 68 
26 53 31 
11 1 25 
77 58 27 
66 64 84 
55 100 19 
92 27 88 
75 43 34 
51 74 55 
70 88 45 
85 86 94 
77 48 51 
38 56 55 
91 93 42 
46 84 32 
30 88 57 
30 25 2 
98 3 71 
25 78 88 
65 35 100 
35 46 61 
17 25 80 
38 46 94 
93 70 44 
19 18 22 
92 68 17 
63 50 96 
68 80 24 
40 44 8 
19 78 8 
34 3 33 
49 8 18 
82 1 23 
68 27 4 
41 67 3 
15 93 4 
14 77 98 
29 13 27 
21 17 23 
83 87 44 
22 24 36 
5 72 81 
6 48 54 
35 49 64 
54 49 73 
14 4 2 
69 14 33 
9 56 55 
78 5 50 
5 33 16 
16 42 35 
70 96 58 
93 38 67 
56 61 96 
59 64 39 
7 51 29 
94 4 33 
16 30 75 
67 8 77 
4 50 43 
68 74 38 
46 2 9 
56 49 80 
85 89 74 
97 22 64 
79 8 96 
80 44 49 
39 58 90 
86 93 85 
65 51 6 
19 94 70 
97 98 40 
21 86 4 
19 26 69 
9 77 34 
46 56 87 
30 35 38 
33 82 55 
80 78 37 
18 1 13 
30 65 21 
49 35 8 
11 32 92 
43 42 1 
36 4 62 
62 52 50 
60 40 68 
61 75 62 
2 24 57 
87 30 65 
70 22 94 
66 78 40 
60 74 13 
72 12 31 
33 16 95 
99 11 68 
69 94 27 
46 23 36 
10 100 65 
22 84 94 
51 89 15 
98 17 68 
79 37 16 
1 3 52 
78 14 36 
94 42 25 
29 24 93 
51 18 95 
45 43 27 
33 27 83 
95 3 69 
15 66 33 
53 3 71 
83 47 72 
79 31 36 
78 87 30 
65 8 58 
74 24 19 
95 49 77 
44 95 31 
77 96 60 
95 10 6 
69 15 31 
69 20 48 
5 23 27 
36 25 8 
65 88 72 
64 15 4 
12 1 7 
29 66 93 
94 3 98 
69 84 10 
26 19 42 
27 30 40 
30 42 8 
14 3 65 
56 79 8 
17 41 64 
62 9 38 
25 26 28 
31 79 62 
55 61 53 
73 4 34 
97 27 65 
100 60 83 
10 70 44 
56 5 74 
31 44 22 
90 20 53 
95 63 23 
22 42 74 
85 20 77 
71 80 37 
35 44 10 
100 30 14 
37 6 62 
72 74 100 
17 96 80 
86 90 16 
94 100 46 
95 77 33 
38 48 28 
58 78 67 
40 76 64 
38 86 75 
66 1 56 
9 99 88 
95 65 14 
93 99 61 
18 95 35 
69 40 19 
50 79 22 
21 85 25 
66 47 94 
67 3 2 
47 67 58 
8 32 3 
22 89 45 
30 11 18 
68 100 2 
1 76 73 
1 97 66 
12 78 60 
72 6 10 
100 47 50 
14 85 92 
18 19 68 
73 46 96 
1 48 49 
18 69 15 
14 11 45 
23 95 87 
67 80 18 
73 90 97 
67 74 25 
8 39 78 
22 33 27 
81 85 63 
14 18 99 
10 97 78 
66 62 97 
58 72 41 
61 10 43 
25 62 13 
78 91 35 
17 71 81 
41 45 28 
45 95 49 
80 9 46 
24 32 78 
89 66 76 
34 55 86 
86 69 62 
75 43 12 
37 63 22 
59 10 83 
15 14 86 
77 17 97 
12 1 96 
11 25 8 
42 39 27 
78 14 42 
19 42 59 
84 39 32 
89 33 13 
96 22 33 
6 90 8 
12 53 44 
76 47 24 
64 34 25 
31 62 14 
67 97 5 
35 4 47 
64 3 92 
39 70 81 
96 92 43 
49 4 12 
41 45 33 
69 35 23 
91 90 7 
57 46 31 
13 25 34 
49 95 52 
20 22 99 
52 10 80 
55 34 56 
95 67 76 
30 20 83 
13 17 39 
44 99 96 
60 97 47 
6 17 74 
24 87 81 
44 81 51 
58 10 74 
40 78 72 
7 21 27 
96 89 41 
30 74 55 
84 37 22 
29 73 53 
78 34 50 
32 63 26 
79 52 97 
55 41 19 
33 67 27 
16 2 60 
8 21 49 
14 32 73 
4 12 17 
50 77 75 
22 55 66 
87 36 62 
89 29 75 
66 77 71 
84 78 63 
91 37 51 
37 53 46 
47 66 24 
70 58 78 
70 65 17 
14 10 24 
17 37 9 
20 89 63 
90 71 27 
40 56 31 
51 66 99 
99 23 11 
99 20 77 
38 44 88 
17 25 54 
21 25 74 
56 28 73 
10 93 89 
34 86 31 
91 19 14 
81 90 27 
24 3 25 
28 20 27 
46 36 35 
19 85 37 
24 37 88 
76 94 71 
31 21 33 
16 82 63 
14 45 36 
6 22 2 
74 29 10 
66 73 85 
99 29 69 
39 45 75 
97 31 90 
75 9 47 
5 69 17 
92 23 9 
70 49 35 
65 8 55 
46 7 47 
17 33 20 
75 15 34 
26 21 78 
92 8 11 
17 53 29 
52 16 99 
94 42 32 
51 38 45 
85 28 62 
7 69 82 
99 47 13 
100 74 84 
10 86 43 
68 26 79 
90 99 19 
60 53 79 
11 33 22 
32 6 98 
46 64 65 
99 23 66 
59 54 17 
36 85 43 
51 41 40 
12 33 64 
83 48 66 
44 92 8 
77 19 86 
10 66 24 
24 80 69 
20 11 2 
89 71 1 
79 31 87 
93 55 47 
89 71 22 
94 58 53 
93 64 47 
91 100 16 
80 38 46 
94 85 91 
77 37 31 
74 18 25 
25 8 87 
15 30 84 
25 20 96 
57 54 32 
3 76 17 
64 79 53 
48 99 49 
31 84 67 
14 25 8 
65 62 56 
99 44 79 
68 36 81 
31 66 17 
31 45 24 
11 37 12 
11 40 64 
92 8 77 
99 26 45 
98 3 70 
96 45 25 
57 41 23 
1 4 67 
49 71 19 
62 92 57 
39 63 90 
3 49 78 
71 96 31 
33 49 51 
36 81 45 
7 98 39 
18 3 15 
52 71 1 
80 46 27 
3 12 79 
68 40 100 
8 86 4 
66 68 72 
62 68 17 
74 39 87 
6 84 60 
54 70 86 
98 65 40 
1 4 3 
16 81 62 
81 7 38 
17 97 44 
5 18 34 
59 67 40 
65 1 55 
88 83 9 
31 95 81 
44 1 85 
100 84 56 
36 12 14 
19 70 32 
23 9 70 
73 62 70 
49 53 62 
4 35 51 
52 40 64 
1 50 91 
86 98 48 
42 97 26 
22 38 46 
89 16 93 
51 53 78 
71 65 9 
44 25 24 
15 26 24 
88 6 99 
21 14 13 
55 22 18 
66 61 35 
89 90 85 
50 40 73 
71 25 69 
74 85 96 
38 60 76 
26 35 51 
49 86 8 
87 27 41 
51 73 36 
40 16 26 
40 45 61 
66 68 35 
59 3 16 
59 28 49 
32 4 56 
91 39 82 
68 59 79 
3 74 68 
7 1 75 
88 12 41 
46 33 50 
2 20 40 
49 31 68 
26 43 99 
10 25 36 
38 89 85 
100 44 26 
66 9 7 
91 53 21 
17 38 9 
51 56 18 
18 70 1 
11 92 97 
25 90 91 
77 12 42 
13 33 31 
31 37 14 
75 76 61 
80 84 91 
63 73 92 
78 35 20 
35 39 76 
6 24 22 
22 94 74 
52 51 64 
100 76 25 
5 37 14 
91 23 81 
78 16 39 
68 4 42 
38 19 42 
42 39 36 
63 19 81 
17 100 95 
41 60 49 
8 45 64 
29 39 68 
11 16 88 
39 5 7 
2 27 99 
29 5 83 
55 53 17 
70 59 12 
85 90 14 
79 46 11 
52 80 14 
90 92 3 
83 66 13 
73 62 96 
80 62 76 
21 10 50 
85 3 19 
54 34 25 
27 31 73 
68 69 72 
80 86 7 
57 92 97 
81 27 28 
50 89 8 
33 62 8 
16 48 29 
15 33 80 
100 32 75 
5 51 91 
67 82 35 
58 78 95 
16 30 80 
65 33 52 
24 98 54 
46 84 9 
4 99 55 
43 15 26 
8 51 22 
14 38 94 
8 10 16 
58 20 67 
46 91 94 
68 14 69 
8 21 80 
26 66 15 
80 2 43 
40 41 57 
3 67 95 
55 43 71 
5 93 24 
84 30 35 
66 51 78 
84 76 50 
29 68 92 
8 50 74 
35 72 19 
31 4 98 
27 97 35 
38 26 65 
29 80 81 
55 35 53 
38 66 70 
98 69 22 
63 21 82 
34 91 68 
95 22 9 
36 14 62 
21 31 3 
36 81 67 
29 49 51 
27 82 57 
74 28 24 
1 22 14 
99 9 18 
8 32 33 
35 60 86 
34 52 46 
14 75 59 
59 22 89 
78 75 17 
81 8 1 
30 85 14 
11 50 78 
88 10 27 
51 22 80 
8 7 24 
57 38 72 
38 20 42 
78 51 31 
84 66 81 
8 92 66 
37 42 96 
29 71 56 
62 16 96 
84 82 49 
5 26 44 
37 68 98 
74 6 77 
1 35 76 
17 64 67 
94 89 34 
34 36 20 
77 60 20 
73 78 48 
67 100 24 
34 17 25 
11 51 53 
88 8 86 
23 24 99 
38 83 91 
22 40 75 
80 71 65 
85 5 8 
74 4 29 
45 16 58 
90 15 50 
97 20 93 
94 90 57 
16 63 87 
94 32 53 
15 22 16 
49 46 4 
91 74 85 
5 76 14 
9 53 4 
81 3 17 
60 48 51 
71 62 57 
15 58 6 
89 81 71 
16 33 59 
33 73 84 
2 39 91 
17 85 88 
25 17 70 
20 74 66 
27 22 15 
67 46 60 
92 69 71 
60 91 27 
87 10 57 
39 48 75 
44 40 90 
26 21 77 
76 23 44 
78 9 32 
54 72 52 
22 81 61 
20 11 70 
98 9 15 
40 66 49 
26 40 75 
77 45 30 
1 77 32 
25 41 5 
9 21 40 
44 77 72 
27 33 5 
76 29 63 
55 92 58 
4 56 86 
4 12 43 
43 51 96 
26 34 54 
14 45 68 
34 3 32 
78 20 87 
24 56 29 
74 35 76 
82 5 33 
94 98 29 
98 61 75 
99 10 26 
80 93 81 
47 12 21 
60 64 15 
80 53 90 
91 7 88 
95 52 71 
47 10 5 
97 92 59 
34 65 16 
9 90 14 
97 40 99 
78 55 86 
56 99 47 
33 45 30 
10 64 58 
54 88 11 
92 8 5 
85 61 25 
7 45 35 
64 16 23 
9 73 47 
22 99 60 
81 68 75 
38 45 29 
61 63 10 
48 15 44 
40 6 60 
22 63 36 
77 99 92 
98 100 95 
99 18 78 
1 50 33 
2 51 88 
15 17 29 
4 58 60 
100 37 80 
76 38 20 
96 23 92 
61 100 91 
49 82 32 
69 44 48 
88 5 35 
71 50 68 
80 47 46 
90 60 50 
52 5 8 
8 25 19 
85 87 56 
51 21 56 
49 2 14 
36 5 4 
25 26 80 
99 66 70 
12 49 100 
80 45 78 
24 41 62 
1 61 52 
38 56 17 
70 52 16 
42 30 45 
76 44 2 
66 65 80 
54 74 82 
60 44 99 
40 35 28 
89 38 37 
28 53 22 
35 4 33 
49 81 94 
94 58 15 
46 27 34 
46 85 16 
64 79 47 
11 17 55 
87 38 21 
45 97 5 
46 93 43 
64 21 72 
92 69 44 
24 13 94 
21 2 45 
97 84 83 
51 85 7 
11 28 72 
23 93 44 
26 82 61 
23 17 76 
22 84 62 
88 55 89 
94 39 29 
72 76 37 
57 28 99 
63 13 92 
48 83 4 
72 18 26 
35 48 8 
59 74 33 
7 6 78 
67 20 12 
100 45 37 
53 46 98 
30 96 70 
47 35 95 
22 91 71 
2 11 72 
97 99 27 
18 16 11 
79 4 19 
2 89 52 
42 25 82 
77 19 88 
63 99 29 
93 68 38 
83 90 27 
91 98 5 
21 41 51 
72 87 55 
6 37 7 
89 85 36 
69 49 2 
24 63 53 
88 7 12 
6 65 24 
65 41 45 
53 93 88 
65 81 94 
53 49 48 
94 89 68 
92 89 100 
15 70 17 
69 14 81 
79 38 7 
46 30 23 
45 75 60 
96 51 14 
24 54 41 
12 99 92 
35 83 38 
30 24 86 
9 80 92 
73 46 78 
96 57 45 
12 88 92 
30 87 96 
40 10 9 
57 76 83 
75 76 79 
12 23 73 
93 61 62 
69 29 78 
65 47 23 
9 34 49 
47 10 83 
11 96 82 
53 88 22 
44 89 3 
97 37 63 
41 40 98 
35 43 91 
40 56 42 
45 37 66 
89 1 80 
58 27 72 
33 47 3 
10 20 34 
84 73 53 
15 14 4 
71 59 46 
83 72 8 
32 88 61 
25 76 12 
4 78 66 
50 17 85 
93 76 95 
21 56 69 
40 72 14 
90 70 67 
79 29 1 
30 97 58 
64 36 91 
91 83 50 
64 60 91 
49 1 95 
54 10 97 
76 63 3 
69 75 85 
17 98 56 
39 16 83 
41 47 74 
68 50 75 
9 30 46 
34 10 22 
67 82 26 
57 39 50 
85 65 24 
89 70 11 
78 69 75 
43 54 66 
46 97 56 
90 47 70 
99 3 18 
35 81 58 
35 16 65 
4 9 13 
54 91 73 
20 40 59 
64 4 33 
77 40 96 
64 93 91 
46 33 89 
89 10 22 
82 74 29 
14 67 55 
42 28 85 
38 39 79 
82 50 85 
43 78 62 
35 68 54 
5 15 16 
35 25 42 
43 25 2 
88 93 21 
17 97 27 
99 29 42 
20 88 69 
49 100 95 
90 50 58 
86 65 38 
40 36 33 
35 56 62 
68 79 99 
50 2 15 
29 68 65 
89 81 32 
90 29 58 
59 13 30 
35 13 31 
95 65 36 
76 61 46 
38 26 45 
49 10 60 
51 97 29 
90 66 68 
51 46 7 
86 70 25 
46 8 85 
5 34 49 
28 52 51 
36 47 65 
47 66 35 
16 63 36 
7 81 43 
85 90 16 
27 87 72 
4 47 88 
96 44 9 
72 97 38 
59 14 61 
22 75 64 
38 63 36 
2 16 72 
84 80 16 
44 82 10 
43 85 26 
75 58 55 
57 32 88 
59 98 49 
38 56 77 
33 29 41 
81 25 77 
1 12 31 
55 21 31 
51 67 1 
19 33 57 
64 89 56 
86 42 98 
58 91 47 
56 4 84 
68 84 12 
92 24 70 
62 78 53 
76 39 90 
60 86 81 
94 86 64 
40 53 44 
43 76 80 
45 26 56 
8 14 47 
35 41 19 
36 62 76 
78 58 9 
93 53 100 
81 19 76 
10 34 35 
10 32 17 
67 78 100 
94 32 34 
86 25 56 
12 27 8 
78 90 37 
47 23 18 
13 11 26 
28 14 85 
13 15 17 
43 38 44 
80 87 46 
8 95 45 
91 49 40 
78 49 28 
34 37 5 
30 1 36 
85 73 41 
64 19 80 
51 7 36 
36 66 93 
68 37 9 
46 16 67 
81 37 96 
22 31 25 
2 94 73 
22 42 13 
3 7 8 
67 29 66 
44 66 37 
23 72 36 
22 1 41 
8 9 19 
14 65 86 
43 16 30 
5 14 47 
55 14 16 
87 18 52 
46 27 14 
89 26 90 
94 86 26 
10 3 25 
5 16 31 
28 32 96 
54 4 74 
71 65 41 
11 19 67 
100 84 82 
42 15 92 
30 25 37 
75 27 41 
93 76 31 
29 94 96 
30 78 8 
61 37 39 
74 56 76 
55 7 56 
70 54 28 
82 37 87 
18 33 9 
28 78 85 
11 25 9 
18 58 34 
74 3 42 
83 26 7 
74 6 19 
84 14 9 
68 16 20 
4 38 28 
43 61 63 
81 23 18 
62 51 49 
31 9 66 
97 86 58 
22 13 48 
52 19 40 
88 69 99 
66 38 68 
17 62 3 
35 39 77 
48 47 32 
65 54 11 
89 22 14 
25 33 73 
36 90 23 
73 71 77 
2 8 54 
57 27 28 
65 10 64 
60 53 37 
88 95 59 
55 27 80 
29 14 66 
35 6 27 
38 95 43 
20 74 92 
14 53 62 
67 74 81 
37 87 16 
82 70 23 
79 63 75 
53 71 86 
14 80 54 
99 38 39 
41 72 34 
18 23 20 
25 47 30 
81 97 10 
43 2 30 
73 69 78 
49 82 57 
69 20 29 
55 63 59 
1 73 80 
19 3 15 
16 24 74 
91 80 47 
79 20 49 
55 83 5 
52 94 80 
24 66 95 
34 69 83 
28 11 12 
42 12 50 
3 24 63 
13 50 91 
72 17 6 
35 11 60 
35 60 76 
9 10 88 
28 90 5 
78 77 62 
17 52 51 
49 8 90 
31 57 87 
7 20 97 
14 75 12 
94 41 84 
31 71 90 
19 55 65 
48 70 84 
33 34 84 
65 37 46 
59 41 72 
17 50 30 
74 23 35 
42 25 56 
100 27 34 
31 98 24 
1 13 49 
98 22 17 
4 75 68 
97 3 5 
79 25 97 
1 32 94 
49 24 32 
87 25 93 
23 86 91 
22 27 61 
47 24 2 
10 76 5 
81 70 13 
42 23 72 
27 29 80 
59 30 27 
44 5 56 
62 53 35 
96 43 20 
40 31 95 
17 62 33 
47 90 87 
8 93 45 
96 30 84 
58 78 63 
5 24 44 
94 75 87 
26 56 3 
87 52 89 
5 8 14 
71 87 77 
32 67 27 
84 23 34 
15 86 33 
34 93 17 
62 88 51 
39 82 13 
55 89 59 
54 51 15 
23 10 26 
28 21 10 
36 41 65 
68 81 47 
8 96 14 
78 12 91 
20 22 95 
54 75 63 
69 63 78 
41 66 34 
59 44 64 
57 39 56 
36 54 9 
76 35 36 
69 27 31 
7 38 23 
96 64 83 
62 39 11 
39 74 84 
82 77 59 
5 11 97 
69 14 73 
12 41 17 
11 14 88 
38 90 94 
82 15 6 
98 48 74 
66 78 61 
15 62 27 
95 69 14 
66 97 44 
72 94 49 
74 19 34 
97 96 45 
24 29 34 
20 48 23 
8 46 96 
92 95 84 
65 14 45 
64 6 25 
53 43 73 
88 79 3 
65 53 94 
87 41 35 
46 97 70 
29 7 83 
12 23 88 
84 33 37 
68 17 79 
38 39 42 
68 80 92 
24 31 21 
43 54 91 
25 73 68 
84 3 7 
16 100 61 
11 64 66 
84 27 16 
61 21 19 
63 2 6 
99 66 37 
88 12 16 
88 47 29 
7 93 88 
42 88 55 
94 38 59 
81 86 4 
10 90 87 
80 46 44 
43 77 98 
80 25 28 
59 89 62 
75 33 48 
92 34 85 
35 93 22 
34 19 12 
21 40 73 
78 42 34 
52 49 58 
49 24 99 
94 65 84 
9 36 57 
98 71 56 
70 42 91 
71 78 14 
94 44 20 
52 16 64 
40 79 85 
72 3 17 
75 5 36 
73 69 90 
100 35 76 
25 79 58 
75 90 33 
80 15 6 
54 47 82 
97 60 62 
47 8 81 
69 60 40 
57 8 100 
74 36 100 
31 67 15 
49 88 55 
80 37 93 
81 1 37 
44 28 98 
84 76 45 
2 70 92 
85 72 29 
97 28 87 
96 41 11 
60 51 17 
26 87 68 
27 31 25 
64 31 88 
21 92 56 
25 88 76 
39 60 2 
39 19 13 
18 31 23 
40 80 62 
1 9 17 
76 28 77 
40 31 2 
68 49 69 
36 72 52 
46 33 98 
93 60 72 
71 9 14 
95 68 64 
92 17 33 
11 93 91 
51 87 84 
52 14 7 
28 69 98 
94 29 10 
8 73 93 
21 60 46 
70 62 27 
26 63 35 
53 58 14 
64 47 48 
67 13 84 
54 11 68 
85 10 64 
41 22 93 
19 53 28 
67 13 64 
19 1 93 
39 15 24 
43 4 58 
85 60 49 
44 93 82 
88 84 5 
36 44 9 
32 78 58 
87 34 46 
82 57 76 
41 60 95 
9 8 37 
6 53 46 
49 80 58 
22 99 63 
97 89 23 
55 46 14 
66 64 78 
41 60 39 
39 46 87 
95 11 16 
70 54 78 
67 75 33 
65 19 45 
53 80 59 
53 51 4 
2 48 12 
100 16 36 
53 85 91 
90 54 95 
11 86 81 
84 78 71 
31 18 16 
16 68 72 
34 3 9 
69 56 26 
93 55 59 
77 43 62 
90 3 98 
24 89 64 
17 53 25 
31 77 11 
72 64 97 
12 15 95 
41 27 47 
84 93 27 
57 29 27 
24 70 81 
80 79 45 
95 40 80 
91 32 7 
14 42 59 
91 8 27 
77 48 90 
88 12 29 
59 31 25 
99 84 9 
62 98 88 
18 53 7 
2 38 64 
48 38 43 
68 7 84 
66 79 55 
4 60 40 
85 36 98 
96 50 38 
60 50 3 
33 45 49 
93 7 64 
60 63 20 
2 82 40 
29 51 26 
87 85 84 
34 94 62 
100 85 6 
18 22 27 
84 85 31 
40 82 67 
98 76 50 
44 72 89 
3 15 71 
38 5 47 
91 69 87 
71 91 45 
6 45 42 
88 86 17 
23 7 70 
13 77 26 
23 100 55 
95 52 79 
40 76 69 
34 26 2 
35 67 55 
55 88 47 
33 29 90 
65 22 57 
32 30 45 
50 19 66 
4 91 13 
82 12 93 
56 79 54 
47 22 3 
51 80 60 
14 48 12 
63 93 80 
67 62 37 
33 41 37 
57 24 7 
40 16 21 
29 48 28 
16 49 70 
34 2 15 
12 3 26 
43 98 28 
20 32 25 
14 77 33 
18 85 33 
95 35 61 
11 89 44 
58 66 70 
76 17 56 
15 45 11 
94 51 91 
93 79 29 
75 97 62 
86 57 55 
62 2 50 
52 71 81 
21 25 55 
23 50 30 
72 19 10 
72 44 96 
39 23 71 
52 61 7 
32 66 23 
39 33 24 
9 83 100 
23 93 43 
98 77 6 
66 72 14 
58 92 21 
62 100 34 
40 68 72 
82 47 72 
41 75 80 
35 47 31 
83 31 98 
10 81 58 
34 22 71 
49 28 52 
24 66 45 
53 23 61 
18 35 73 
93 33 64 
100 46 42 
34 61 58 
21 40 55 
79 20 8 
97 62 91 
94 90 55 
43 16 18 
5 4 62 
43 61 71 
52 92 61 
97 99 29 
33 31 77 
31 80 55 
81 45 76 
47 48 51 
61 80 10 
82 48 80 
78 48 8 
25 90 4 
62 1 51 
69 50 88 
45 15 58 
74 45 17 
2 99 90 
66 75 55 
61 17 24 
34 90 48 
51 33 19 
5 42 24 
59 75 43 
1 34 100 
64 23 43 
90 20 95 
28 33 25 
15 48 30 
86 18 71 
9 23 16 
96 17 32 
35 17 50 
85 68 78 
8 7 96 
17 9 62 
70 28 61 
24 65 1 
40 7 41 
52 85 37 
58 67 83 
89 77 2 
94 8 36 
84 38 1 
76 25 48 
49 60 6 
100 84 79 
91 100 42 
73 5 27 
100 11 27 
29 31 25 
9 87 92 
84 79 32 
13 8 27 
87 59 8 
62 75 13 
90 51 38 
14 85 48 
59 17 26 
3 67 72 
48 98 8 
91 50 25 
82 73 52 
19 73 90 
56 95 4 
99 21 45 
23 26 35 
80 22 24 
44 99 53 
12 22 9 
61 4 10 
63 49 62 
59 24 79 
39 4 13 
9 2 6 
17 63 57 
93 65 64 
96 37 30 
12 7 3 
65 42 62 
19 12 17 
32 72 57 
14 56 54 
1 79 72 
86 73 53 
80 1 26 
35 62 10 
88 48 42 
15 42 35 
54 85 28 
60 40 53 
88 37 11 
41 36 67 
49 18 15 
29 28 21 
54 24 15 
45 23 44 
39 83 28 
61 36 75 
46 5 22 
2 62 36 
13 94 80 
34 29 7 
100 23 42 
7 90 1 
80 13 97 
10 38 14 
57 61 28 
19 77 35 
79 76 54 
86 93 47 
29 87 16 
59 6 9 
40 18 44 
65 61 72 
92 76 74 
80 48 33 
28 14 93 
13 95 56 
20 24 18 
54 7 61 
12 72 44 
43 55 54 
82 15 70 
14 11 100 
45 33 56 
31 77 100 
65 56 44 
49 59 69 
99 43 25 
82 72 48 
37 67 52 
15 24 1 
59 99 16 
42 90 32 
28 42 4 
54 74 85 
18 58 13 
10 24 97 
42 72 29 
80 73 32 
8 74 73 
91 34 8 
39 36 44 
96 50 7 
57 15 40 
36 23 22 
46 40 86 
39 31 92 
81 65 86 
40 8 35 
76 42 49 
61 69 9 
54 3 31 
13 29 54 
54 44 51 
84 27 14 
65 69 61 
94 34 49 
84 74 33 
67 76 36 
34 77 82 
31 3 13 
30 31 96 
54 80 11 
66 46 54 
20 9 31 
62 49 25 
56 53 79 
100 7 29 
49 63 17 
74 46 4 
27 12 42 
26 81 43 
48 67 44 
99 39 65 
66 64 32 
69 6 78 
48 85 28 
76 14 97 
49 15 85 
17 67 40 
31 50 77 
96 30 49 
20 67 71 
4 91 1 
57 3 26 
52 48 79 
89 65 82 
18 66 46 
87 42 25 
97 89 67 
2 38 29 
65 1 99 
39 29 20 
44 47 1 
5 59 56 
46 71 37 
59 80 2 
41 20 53 
66 21 62 
1 4 35 
79 10 94 
22 24 74 
59 72 12 
99 19 33 
3 42 46 
48 75 72 
28 4 12 
44 51 70 
96 72 98 
78 44 5 
79 89 85 
96 100 82 
17 61 76 
37 24 65 
11 33 43 
47 63 8 
66 94 8 
37 29 62 
18 86 19 
35 86 96 
14 62 26 
54 97 15 
12 50 51 
53 84 15 
41 52 2 
47 11 66 
31 32 14 
3 69 65 
66 79 9 
24 66 12 
49 61 70 
29 19 1 
40 44 34 
58 59 77 
51 3 39 
22 62 97 
62 69 18 
46 40 19 
34 53 62 
10 2 94 
67 69 13 
59 26 80 
33 5 97 
18 20 29 
55 34 67 
96 100 40 
10 87 11 
37 14 70 
46 18 37 
93 52 57 
49 67 28 
26 48 4 
21 66 93 
27 7 65 
92 21 84 
23 90 15 
77 65 54 
63 18 72 
4 93 26 
58 48 91 
45 73 58 
47 20 98 
42 62 77 
16 46 49 
55 21 99 
92 75 93 
24 21 26 
62 24 45 
4 90 12 
66 19 64 
12 78 81 
78 35 39 
1 23 64 
48 89 25 
45 53 20 
27 83 37 
12 71 43 
19 35 59 
50 75 59 
76 56 62 
50 4 86 
11 56 39 
4 47 46 
43 30 14 
98 2 77 
40 16 66 
8 10 85 
47 85 56 
30 38 21 
29 28 26 
26 28 40 
28 44 43 
5 34 75 
86 14 68 
21 19 5 
78 44 47 
26 79 64 
29 97 65 
17 15 56 
100 52 14 
96 26 5 
54 6 33 
96 50 6 
50 12 63 
96 4 37 
89 2 74 
22 100 59 
85 14 19 
48 60 67 
3 2 93 
64 12 73 
8 56 21 
24 66 41 
11 63 83 
40 80 53 
25 97 23 
13 3 69 
72 59 78 
53 74 49 
90 24 93 
54 47 36 
33 27 48 
5 18 92 
39 56 23 
22 79 80 
69 27 59 
70 20 52 
7 97 26 
86 89 88 
11 34 100 
72 70 68 
29 30 59 
69 83 84 
44 97 77 
15 38 25 
45 87 73 
8 18 63 
25 98 89 
98 39 79 
67 76 16 
73 3 42 
82 4 9 
70 62 66 
19 22 8 
15 82 68 
2 77 21 
74 91 7 
6 66 35 
91 5 52 
9 22 29 
59 84 13 
35 93 97 
32 91 65 
1 10 19 
88 78 46 
29 21 25 
83 18 15 
46 16 11 
79 23 16 
51 58 49 
79 22 48 
78 48 40 
69 9 84 
98 16 29 
3 17 99 
55 13 21 
10 28 52 
13 80 64 
20 36 91 
69 76 36 
56 61 48 
11 29 81 
61 27 37 
49 72 9 
65 33 68 
20 45 69 
72 6 76 
45 8 98 
68 38 75 
90 61 95 
13 89 46 
89 76 46 
78 42 76 
76 94 9 
57 61 27 
2 12 97 
38 45 17 
5 34 39 
2 9 10 
6 19 82 
94 11 57 
16 20 39 
19 7 2 
47 37 85 
3 85 29 
2 78 65 
66 54 34 
96 29 13 
44 19 54 
60 28 53 
49 97 14 
36 18 14 
2 9 44 
4 43 59 
66 10 68 
43 19 11 
95 92 100 
37 48 16 
66 22 10 
40 70 16 
13 50 57 
27 78 4 
61 96 70 
38 9 83 
46 54 19 
75 20 35 
89 8 16 
3 24 35 
91 11 24 
99 24 21 
80 39 18 
66 64 27 
62 100 29 
45 89 52 
89 29 33 
19 10 11 
82 80 25 
94 28 46 
30 63 41 
41 78 68 
87 17 46 
16 49 69 
2 72 57 
21 1 7 
16 40 94 
52 11 32 
98 2 66 
11 32 100 
65 78 85 
15 87 97 
93 58 100 
39 21 38 
97 40 90 
70 58 22 
74 90 7 
36 71 30 
84 38 3 
40 53 77 
2 85 25 
26 63 71 
19 71 37 
48 82 100 
10 91 56 
19 9 96 
29 70 82 
22 41 5 
51 92 9 
51 87 75 
8 48 12 
10 45 34 
75 52 23 
31 38 46 
49 83 96 
19 45 5 
81 93 84 
5 58 36 
53 99 52 
31 44 27 
43 28 27 
61 80 15 
62 8 84 
40 25 84 
4 32 75 
21 37 33 
54 2 6 
15 54 86 
81 51 76 
95 59 79 
13 23 52 
42 89 39 
10 67 85 
12 40 52 
57 83 21 
67 75 12 
71 48 97 
48 49 80 
65 87 92 
85 78 8 
70 47 45 
10 33 30 
34 28 6 
86 4 64 
29 58 31 
58 63 12 
15 14 1 
86 73 23 
94 87 89 
26 98 33 
86 42 95 
13 58 93 
37 62 11 
80 85 19 
46 39 1 
5 58 56 
39 20 2 
50 4 80 
37 97 74 
5 53 13 
51 32 99 
10 94 8 
43 4 10 
85 64 58 
74 3 87 
31 89 51 
11 50 18 
27 18 78 
63 83 9 
22 32 24 
13 31 22 
78 31 94 
20 1 6 
76 86 5 
38 40 57 
15 68 48 
54 30 9 
3 83 35 
85 66 13 
90 100 68 
28 43 51 
82 96 7 
4 84 48 
36 83 58 
73 97 10 
49 98 3 
8 50 69 
29 24 51 
89 98 19 
55 89 37 
7 26 10 
21 14 62 
2 27 83 
70 78 56 
24 16 76 
7 24 46 
38 54 66 
52 31 30 
36 20 60 
97 83 98 
28 37 81 
23 22 32 
48 99 32 
28 26 42 
96 20 57 
36 27 5 
14 3 41 
6 12 74 
23 81 52 
56 20 59 
23 60 29 
21 8 13 
32 26 37 
46 25 72 
31 56 57 
4 25 67 
4 3 24 
68 18 4 
82 57 98 
36 53 70 
67 7 61 
69 15 42 
51 31 43 
18 98 43 
52 79 17 
15 8 48 
37 90 97 
73 72 60 
21 19 41 
44 11 29 
5 76 73 
80 18 90 
38 73 52 
79 25 13 
29 58 51 
33 21 48 
27 36 38 
32 47 27 
85 87 100 
18 38 87 
12 7 51 
46 9 6 
29 80 98 
66 17 22 
85 73 49 
93 71 48 
25 65 4 
29 17 60 
80 95 82 
59 22 35 
14 34 40 
48 61 62 
18 60 62 
76 87 91 
70 80 47 
74 78 1 
32 36 68 
61 75 54 
75 87 3 
3 49 65 
36 44 7 
13 95 51 
50 97 21 
1 6 88 
97 4 94 
31 13 38 
99 34 11 
42 90 86 
47 28 19 
93 16 52 
81 95 69 
99 83 13 
45 47 27 
36 11 17 
78 47 25 
14 7 10 
52 63 14 
46 59 66 
49 75 89 
93 77 16 
42 13 60 
43 56 46 
8 81 83 
83 21 95 
21 14 50 
49 32 13 
48 45 4 
99 100 34 
13 41 59 
39 41 43 
81 85 22 
6 56 48 
75 94 61 
74 32 46 
12 84 88 
45 79 59 
26 60 28 
91 50 42 
100 22 87 
51 39 24 
92 67 55 
73 39 11 
76 13 34 
79 86 46 
89 73 58 
84 53 74 
81 72 63 
17 83 46 
84 38 33 
73 29 25 
71 69 33 
43 6 17 
98 2 19 
93 66 79 
20 7 3 
27 62 87 
59 68 99 
93 71 33 
52 81 84 
87 10 39 
62 12 80 
33 77 70 
24 96 78 
49 42 46 
8 32 27 
65 75 95 
87 48 23 
38 89 39 
86 24 72 
42 44 33 
44 54 30 
39 31 60 
59 73 3 
67 73 7 
88 34 99 
55 79 95 
69 35 52 
89 72 71 
45 82 17 
39 12 37 
54 22 10 
91 51 52 
62 82 47 
34 38 28 
85 69 66 
36 75 67 
77 59 32 
59 3 53 
15 90 88 
34 1 28 
77 52 5 
96 85 44 
85 28 64 
45 51 91 
81 35 80 
9 95 41 
9 58 23 
11 10 2 
29 47 37 
43 52 78 
68 35 19 
52 42 85 
83 69 76 
16 1 41 
62 88 6 
30 85 49 
69 26 16 
71 6 60 
82 14 11 
45 81 51 
2 98 55 
38 20 85 
71 11 15 
34 22 23 
53 80 62 
83 19 73 
54 76 74 
31 62 24 
23 31 76 
100 14 90 
72 65 75 
37 87 96 
55 68 45 
98 28 67 
86 90 69 
18 22 34 
90 71 42 
14 4 13 
68 3 19 
67 61 19 
58 99 97 
20 90 84 
100 53 26 
68 18 43 
25 43 51 
93 53 64 
19 26 75 
78 97 19 
87 42 24 
3 60 66 
89 49 93 
88 12 20 
65 59 31 
76 36 38 
100 87 28 
16 15 71 
7 68 90 
1 11 12 
22 10 62 
2 52 88 
14 78 95 
78 41 25 
74 33 13 
81 23 30 
88 43 13 
15 78 18 
91 86 21 
46 71 49 
51 25 99 
97 62 6 
66 4 64 
65 54 76 
33 75 74 
66 100 74 
86 99 30 
61 91 24 
18 76 12 
96 59 33 
87 59 54 
70 56 51 
7 4 86 
34 80 71 
21 33 51 
91 82 59 
63 77 85 
100 37 3 
22 62 28 
82 63 81 
25 71 86 
75 49 23 
36 82 40 
16 62 28 
64 97 65 
80 37 49 
92 86 19 
44 63 33 
43 97 47 
53 47 73 
18 31 27 
66 18 92 
6 35 80 
85 76 52 
13 6 48 
62 17 73 
22 58 33 
30 17 19 
66 40 52 
77 65 33 
74 8 78 
77 61 66 
3 75 21 
11 65 14 
33 63 12 
4 8 44 
70 64 53 
94 91 86 
21 71 82 
16 11 69 
99 36 70 
43 1 36 
39 17 8 
1 40 94 
21 93 2 
19 100 97 
11 25 89 
84 39 25 
62 37 33 
84 30 25 
89 64 67 
51 68 83 
81 78 72 
68 21 91 
36 53 59 
7 15 99 
34 62 4 
1 99 88 
55 62 90 
47 73 4 
42 65 77 
94 38 24 
94 47 46 
66 57 26 
86 56 93 
46 4 58 
88 2 49 
91 39 33 
61 22 42 
85 46 79 
10 63 48 
29 8 21 
10 18 68 
96 57 91 
52 59 56 
94 43 20 
100 38 25 
69 94 80 
97 21 64 
92 81 37 
1 85 100 
63 12 15 
39 66 77 
40 2 9 
25 18 56 
46 74 60 
64 28 84 
5 27 75 
2 72 82 
98 79 21 
69 27 45 
79 23 91 
88 40 25 
43 15 47 
100 19 89 
54 84 52 
65 12 50 
25 41 96 
59 81 23 
77 12 37 
17 69 62 
85 39 87 
74 2 90 
36 74 78 
52 9 24 
63 16 99 
5 38 7 
62 36 37 
43 98 15 
89 71 75 
73 7 36 
25 20 50 
27 4 25 
97 64 88 
43 18 11 
48 40 97 
83 72 18 
54 83 2 
52 25 39 
14 55 91 
85 16 67 
25 42 26 
88 98 91 
44 16 63 
56 64 90 
52 63 42 
23 13 26 
60 39 92 
89 82 34 
19 37 34 
2 43 78 
44 73 63 
57 20 2 
36 56 12 
90 32 60 
20 31 10 
36 10 8 
98 77 27 
57 92 91 
55 41 45 
76 91 7 
53 98 27 
79 74 17 
32 58 21 
10 21 88 
77 86 11 
17 1 32 
61 48 28 
47 66 28 
71 1 97 
77 15 91 
9 56 60 
67 29 76 
73 14 43 
81 74 68 
95 57 62 
56 98 80 
43 10 56 
43 72 18 
71 87 31 
61 88 75 
55 45 18 
67 27 11 
7 50 42 
32 6 67 
43 14 89 
88 30 46 
85 68 16 
68 8 74 
59 32 81 
92 83 84 
26 91 66 
71 79 61 
3 42 55 
52 10 3 
20 97 39 
82 87 63 
15 24 59 
4 36 29 
79 14 20 
19 41 87 
85 93 12 
71 77 98 
37 5 86 
70 35 80 
12 58 20 
97 99 42 
89 90 57 
93 68 36 
78 35 87 
63 96 17 
16 90 88 
36 50 5 
18 10 32 
16 42 10 
64 84 49 
38 70 28 
75 41 76 
64 76 44 
37 50 94 
33 10 47 
64 99 6 
97 62 27 
71 74 78 
47 83 7 
65 53 28 
39 93 85 
33 55 86 
5 59 70 
42 98 27 
44 6 9 
75 30 4 
34 3 4 
99 70 63 
36 88 71 
11 18 99 
69 48 60 
87 11 54 
20 7 86 
81 70 36 
41 82 42 
29 26 9 
94 84 7 
1 28 69 
80 39 27 
25 45 87 
40 15 37 
78 57 22 
98 80 27 
92 74 5 
82 70 58 
69 60 87 
84 76 32 
56 37 95 
43 17 27 
76 95 84 
61 16 43 
70 49 1 
91 31 21 
78 44 97 
34 56 69 
15 63 61 
42 40 58 
13 57 93 
41 34 82 
86 49 51 
86 72 48 
78 15 32 
70 15 100 
63 54 61 
9 65 98 
41 71 81 
51 47 89 
22 65 85 
84 95 77 
33 85 35 
7 97 35 
44 7 1 
45 60 10 
83 79 36 
92 70 71 
75 96 24 
32 60 38 
55 77 80 
3 72 43 
38 48 30 
78 3 96 
39 63 18 
67 37 92 
94 85 55 
61 12 4 
9 74 82 
99 59 78 
70 79 82 
20 37 26 
46 79 81 
29 51 75 
14 62 2 
78 8 52 
35 52 44 
69 45 15 
30 44 94 
95 6 19 
68 41 25 
27 58 25 
99 46 28 
71 78 15 
15 95 56 
84 67 70 
73 6 25 
86 52 8 
35 7 58 
68 10 40 
99 43 30 
70 60 3 
96 93 22 
43 95 13 
80 78 76 
15 89 62 
39 100 54 
61 68 15 
49 50 17 
34 44 33 
27 33 59 
40 95 93 
52 62 66 
95 98 83 
38 45 30 
95 64 66 
27 50 47 
84 49 95 
52 58 26 
62 100 97 
72 1 16 
33 50 35 
2 1 38 
54 13 28 
3 10 44 
67 41 60 
98 68 1 
85 10 16 
16 63 55 
19 92 37 
44 54 77 
94 37 35 
33 42 2 
70 31 55 
61 62 85 
62 8 58 
90 51 10 
99 38 72 
17 70 86 
63 34 89 
99 66 58 
61 20 79 
2 41 32 
17 65 35 
84 77 43 
41 96 97 
25 73 92 
39 71 35 
42 63 1 
76 44 1 
24 32 16 
81 78 20 
14 13 70 
39 32 29 
82 80 3 
35 99 64 
58 87 76 
4 98 84 
19 26 91 
8 53 37 
5 57 60 
63 19 8 
42 79 81 
43 82 62 
55 74 4 
1 68 71 
72 25 2 
46 9 25 
53 8 92 
27 21 31 
61 17 100 
44 50 31 
29 68 52 
53 26 71 
38 14 83 
64 27 39 
18 90 30 
40 42 77 
24 8 42 
97 23 8 
2 10 44 
55 23 73 
12 56 21 
88 53 78 
73 16 37 
8 93 96 
84 58 95 
2 7 15 
3 19 67 
5 44 38 
51 52 37 
55 36 80 
79 45 19 
39 3 17 
84 41 90 
