5000
5 18 50 
47 14 8 
97 57 68 
46 85 66 
12 63 50 
44 5 56 
48 37 76 
25 62 75 
36 26 81 
34 50 95 
6 66 61 
48 63 10 
51 53 11 
64 44 19 
39 36 42 
96 35 78 
44 23 76 
80 93 37 
8 49 18 
98 36 85 
35 54 68 
17 87 46 
53 91 85 
16 22 15 
34 98 64 
94 34 62 
31 24 45 
51 84 87 
58 27 91 
87 85 84 
25 76 48 
26 93 64 
32 22 24 
8 99 47 
74 20 54 
83 58 33 
68 93 38 
64 86 40 
34 35 10 
70 16 7 
24 59 15 
23 70 60 
89 100 19 
19 72 27 
46 28 94 
61 25 2 
58 65 80 
8 24 40 
4 35 33 
42 78 14 
23 22 36 
52 62 96 
95 59 5 
69 99 29 
98 1 34 
100 66 61 
59 70 12 
55 75 94 
44 48 67 
27 75 41 
89 71 3 
54 31 3 
29 81 11 
67 85 30 
44 36 18 
18 35 95 
45 16 58 
81 70 13 
72 23 47 
10 63 61 
79 56 82 
59 63 55 
52 51 91 
96 34 64 
91 83 38 
52 51 37 
38 10 14 
1 71 68 
30 70 96 
71 43 13 
34 22 10 
54 74 76 
1 3 52 
22 20 95 
40 33 36 
41 15 22 
11 89 25 
34 60 84 
52 19 79 
10 76 80 
52 5 77 
46 54 12 
84 88 50 
55 94 90 
45 48 68 
55 41 45 
10 6 95 
80 4 92 
95 73 86 
22 13 39 
15 55 81 
47 18 23 
27 80 23 
29 51 97 
41 91 12 
62 100 76 
41 37 33 
78 80 37 
40 77 79 
22 17 98 
41 58 72 
46 87 39 
53 62 80 
68 55 45 
5 97 11 
84 89 87 
7 23 70 
6 63 73 
15 61 80 
63 42 9 
47 25 78 
54 73 91 
42 81 38 
84 9 99 
21 56 92 
34 38 10 
5 45 97 
4 42 5 
23 36 72 
29 53 39 
43 69 34 
89 35 92 
43 53 35 
16 85 10 
33 62 17 
45 89 78 
98 96 41 
41 25 78 
93 88 7 
49 34 9 
52 94 83 
53 32 94 
16 21 40 
50 96 6 
88 12 16 
39 30 78 
23 97 89 
91 56 73 
40 45 21 
81 35 58 
56 38 96 
27 29 72 
81 94 65 
81 89 32 
19 72 10 
50 91 42 
81 55 35 
2 57 24 
3 53 59 
62 48 61 
17 18 16 
64 51 26 
80 61 10 
13 9 30 
35 69 23 
19 48 5 
12 65 30 
29 81 36 
89 54 61 
15 19 71 
99 89 34 
45 4 48 
87 97 15 
71 95 43 
3 99 9 
93 13 58 
12 74 6 
83 67 89 
80 37 71 
71 11 29 
17 6 74 
27 97 99 
50 58 9 
16 23 9 
67 37 52 
26 12 46 
57 41 40 
36 93 71 
4 64 33 
49 37 80 
68 90 93 
52 5 91 
64 28 52 
51 77 30 
38 7 81 
30 83 20 
3 12 26 
63 22 36 
19 44 57 
61 17 47 
1 7 44 
94 71 76 
43 21 89 
60 8 6 
4 29 66 
94 8 36 
8 64 19 
8 56 79 
59 67 40 
24 11 64 
31 77 50 
69 25 71 
27 32 56 
89 65 57 
93 35 22 
40 20 2 
14 24 63 
15 1 51 
22 99 11 
11 14 45 
89 34 48 
45 77 60 
29 36 7 
1 94 40 
40 86 58 
80 65 71 
74 38 68 
87 6 39 
93 22 41 
67 73 38 
61 98 75 
8 55 85 
95 84 59 
25 56 42 
67 86 40 
55 45 18 
15 4 14 
71 22 34 
63 86 33 
56 4 26 
39 65 29 
36 31 38 
24 81 87 
34 57 4 
14 21 66 
27 80 39 
39 11 62 
13 8 89 
98 53 22 
18 16 43 
8 71 58 
27 18 22 
29 24 51 
36 17 68 
45 21 2 
82 31 72 
44 51 81 
89 62 11 
35 17 75 
8 76 19 
79 68 26 
44 48 15 
4 66 45 
32 51 99 
32 59 81 
91 20 70 
32 34 85 
5 13 53 
43 65 100 
11 5 57 
12 4 99 
65 71 9 
87 88 41 
19 69 40 
61 7 67 
82 50 93 
43 96 20 
16 29 87 
16 65 35 
23 95 69 
13 60 74 
93 48 23 
33 70 77 
31 15 69 
95 4 57 
38 7 23 
14 72 89 
47 78 5 
66 98 6 
97 26 58 
75 62 61 
45 27 69 
75 90 33 
14 19 91 
36 39 44 
96 77 60 
70 83 1 
45 8 14 
97 78 19 
72 90 50 
35 76 39 
5 56 59 
47 66 94 
100 35 56 
73 44 11 
18 83 15 
61 52 1 
17 30 67 
37 15 5 
26 87 68 
61 13 40 
58 7 35 
9 92 80 
83 3 52 
12 79 14 
10 94 40 
47 43 88 
26 94 86 
34 13 76 
50 13 91 
20 2 57 
96 74 9 
14 65 92 
59 13 57 
36 62 17 
38 9 62 
85 19 37 
75 19 85 
82 38 50 
52 58 41 
92 13 63 
48 69 22 
97 39 30 
3 80 13 
44 26 94 
8 68 7 
90 84 20 
2 32 41 
43 33 11 
20 14 79 
22 57 65 
98 24 49 
84 64 66 
43 47 97 
92 11 97 
99 93 55 
27 72 87 
40 51 90 
4 8 86 
73 12 64 
11 92 32 
27 87 62 
7 100 29 
63 24 3 
96 4 76 
37 27 83 
35 91 33 
16 1 72 
13 20 40 
40 16 65 
73 47 30 
4 61 10 
91 24 94 
15 56 47 
67 85 16 
71 21 13 
53 52 58 
21 16 45 
50 30 23 
44 89 72 
83 53 52 
47 1 44 
20 75 35 
2 16 60 
90 20 53 
98 95 83 
40 72 68 
6 69 37 
2 88 55 
37 26 20 
97 79 25 
87 10 36 
17 71 81 
24 22 6 
21 92 85 
54 77 44 
95 91 75 
25 81 21 
9 66 79 
51 15 54 
100 55 36 
59 83 74 
32 22 23 
62 97 27 
65 14 11 
15 75 34 
4 55 74 
68 82 73 
72 59 12 
87 41 27 
8 42 90 
31 13 35 
35 80 27 
5 81 95 
84 62 8 
35 68 19 
51 53 28 
16 11 18 
39 89 40 
9 77 56 
100 61 91 
35 1 73 
64 67 68 
37 31 14 
39 76 1 
54 9 30 
57 31 46 
9 55 10 
14 73 32 
89 64 24 
69 46 72 
81 89 71 
64 86 4 
11 67 92 
18 72 84 
5 98 79 
58 5 30 
52 42 63 
71 11 15 
72 54 52 
91 65 32 
57 46 40 
68 66 90 
11 37 12 
35 65 17 
42 77 62 
76 38 72 
2 81 26 
82 2 72 
47 88 29 
19 95 5 
29 1 79 
2 88 52 
68 38 66 
83 66 48 
26 23 30 
6 35 66 
87 75 3 
2 70 92 
25 76 88 
79 98 58 
43 49 95 
26 42 97 
42 26 82 
45 73 87 
91 78 77 
76 39 90 
46 56 43 
53 60 81 
71 98 56 
26 64 18 
95 38 6 
25 41 68 
49 69 2 
57 45 38 
33 12 64 
70 90 67 
33 29 89 
85 34 92 
85 64 28 
86 100 64 
70 39 85 
75 37 92 
29 33 41 
95 21 30 
6 32 67 
27 32 67 
42 15 92 
79 89 85 
76 52 85 
91 27 75 
27 23 5 
33 75 48 
80 19 64 
95 80 42 
23 92 9 
47 76 24 
77 52 93 
8 90 6 
49 65 46 
81 68 47 
95 87 88 
90 49 15 
97 12 24 
15 75 77 
13 48 22 
38 54 41 
61 28 70 
26 28 60 
22 8 35 
82 33 72 
70 85 54 
88 75 23 
89 23 64 
45 64 78 
87 12 29 
71 83 70 
40 21 9 
44 70 51 
4 49 12 
88 7 12 
59 77 32 
86 10 43 
76 66 89 
53 44 63 
71 83 33 
9 33 54 
81 17 58 
67 40 23 
37 29 15 
33 77 42 
78 70 56 
4 32 1 
85 10 64 
29 83 75 
16 41 83 
20 36 34 
86 88 52 
80 13 69 
3 14 65 
62 27 70 
38 96 50 
95 76 81 
37 39 61 
8 48 12 
72 45 73 
21 55 13 
17 65 79 
91 23 81 
64 97 22 
31 27 69 
25 21 1 
51 75 87 
54 34 26 
57 40 38 
22 63 99 
87 7 32 
34 46 4 
47 2 24 
46 99 28 
88 75 55 
30 9 80 
86 47 41 
17 88 85 
39 60 2 
97 27 35 
29 11 48 
64 86 1 
16 3 59 
94 17 37 
13 5 20 
85 11 38 
31 22 51 
5 46 22 
86 54 15 
79 54 76 
69 34 83 
77 93 16 
7 46 47 
45 49 95 
14 100 52 
92 48 20 
25 96 43 
36 56 57 
67 34 55 
93 24 29 
69 65 38 
28 57 99 
49 60 10 
9 46 2 
44 18 40 
88 89 55 
33 84 38 
1 81 8 
11 78 58 
36 21 57 
62 53 34 
39 3 51 
86 27 14 
1 94 41 
3 18 7 
85 6 44 
67 1 4 
15 24 97 
22 89 35 
5 97 3 
80 93 81 
78 71 15 
75 68 81 
46 8 96 
13 88 93 
93 74 91 
97 66 35 
40 97 99 
83 11 58 
83 38 35 
9 83 38 
40 95 80 
13 11 68 
9 84 14 
69 80 90 
59 4 58 
97 33 52 
99 52 53 
2 22 77 
78 84 71 
82 26 67 
91 92 75 
17 99 3 
23 84 34 
42 84 40 
86 79 4 
1 21 7 
28 17 31 
76 68 25 
98 56 17 
59 49 28 
100 49 62 
82 89 34 
20 69 45 
71 37 30 
63 12 33 
13 74 33 
22 97 17 
37 48 43 
18 30 15 
4 75 34 
47 90 70 
34 91 8 
11 48 23 
46 11 79 
32 94 44 
32 78 58 
16 88 90 
33 55 59 
61 48 56 
29 13 54 
76 64 44 
46 1 39 
91 4 19 
75 26 100 
54 93 72 
37 2 68 
85 89 74 
37 94 35 
89 41 96 
16 11 95 
7 84 3 
65 90 53 
2 88 51 
86 30 48 
25 12 76 
77 65 54 
81 60 46 
46 76 45 
34 71 89 
4 1 3 
50 79 22 
99 97 29 
2 57 72 
42 70 74 
41 53 90 
68 92 80 
49 5 34 
38 28 48 
98 13 92 
20 39 29 
2 54 8 
11 2 20 
91 18 96 
22 62 10 
46 41 2 
30 45 98 
2 23 8 
90 89 57 
67 95 3 
88 37 78 
9 98 15 
87 22 100 
16 80 30 
97 74 25 
51 18 56 
26 32 37 
11 20 70 
65 46 64 
92 24 70 
53 31 91 
50 62 14 
49 96 16 
47 3 22 
88 78 25 
100 32 60 
53 28 60 
3 17 76 
96 41 97 
98 46 38 
78 72 81 
88 38 70 
36 7 73 
85 47 37 
6 7 26 
47 38 33 
19 17 22 
8 38 71 
79 75 76 
78 73 48 
68 22 86 
53 79 39 
24 65 1 
53 51 78 
94 8 66 
23 45 38 
68 56 9 
99 32 48 
43 27 99 
73 8 74 
26 23 10 
3 21 7 
44 95 77 
20 79 8 
15 17 56 
36 97 98 
78 42 95 
38 26 65 
27 25 4 
48 67 60 
76 51 81 
100 92 89 
68 86 35 
85 17 50 
64 7 93 
75 43 59 
30 4 39 
27 44 46 
81 25 67 
14 19 60 
7 67 60 
26 28 9 
15 42 35 
53 63 50 
55 49 6 
88 50 69 
71 27 90 
14 99 18 
60 69 70 
81 52 71 
17 53 55 
89 71 22 
80 51 60 
6 100 85 
14 94 92 
47 4 10 
95 33 16 
51 48 30 
99 2 90 
19 53 40 
3 89 44 
78 66 4 
90 11 13 
14 53 95 
75 38 68 
99 59 32 
48 81 28 
91 21 68 
36 41 67 
91 26 4 
98 89 19 
47 66 11 
24 25 44 
8 60 45 
43 71 63 
57 78 11 
82 47 62 
73 58 45 
85 47 56 
74 2 90 
13 75 87 
9 54 90 
91 11 24 
36 51 7 
50 47 100 
72 93 77 
35 66 47 
53 88 93 
31 62 79 
27 14 46 
2 98 19 
17 41 64 
71 14 9 
100 97 46 
86 34 41 
24 78 96 
40 89 45 
41 11 37 
2 38 29 
2 6 63 
32 84 76 
7 88 39 
30 9 42 
14 99 23 
3 84 38 
78 62 39 
51 80 22 
46 24 66 
87 86 64 
58 12 63 
31 51 34 
83 92 95 
36 38 27 
34 81 21 
39 15 58 
59 20 56 
38 12 60 
82 45 17 
31 73 3 
62 97 60 
22 55 81 
95 54 1 
8 31 3 
59 11 53 
8 74 78 
52 41 25 
29 26 51 
66 42 86 
20 94 44 
14 94 38 
38 25 42 
70 88 84 
90 28 5 
7 56 55 
76 56 62 
67 46 70 
99 55 48 
88 64 97 
37 11 62 
97 66 44 
71 72 24 
12 20 15 
45 31 91 
78 74 25 
70 95 72 
44 79 3 
23 81 27 
7 76 91 
58 60 44 
9 22 12 
65 66 80 
72 57 25 
88 82 54 
41 65 6 
66 85 69 
25 55 22 
4 8 10 
17 62 69 
18 99 11 
48 88 42 
27 98 77 
84 46 71 
12 19 17 
82 21 71 
18 85 33 
85 33 88 
96 68 22 
49 84 95 
58 32 21 
5 94 84 
77 76 28 
27 99 2 
8 21 56 
64 70 84 
20 71 67 
93 88 9 
80 81 29 
30 14 43 
97 60 39 
62 67 37 
41 96 11 
6 60 39 
22 31 13 
9 31 66 
52 61 72 
8 24 37 
69 84 83 
50 90 58 
8 48 15 
52 33 65 
18 68 21 
89 5 97 
23 45 44 
51 1 62 
45 84 76 
94 79 44 
83 12 50 
1 78 97 
51 52 64 
2 7 15 
75 32 100 
63 66 77 
82 83 16 
43 12 75 
33 74 31 
66 72 81 
30 96 85 
46 80 9 
47 48 51 
72 13 32 
90 80 18 
90 85 16 
80 73 32 
44 25 99 
100 90 78 
64 21 72 
16 19 33 
64 15 60 
16 29 8 
9 10 88 
32 48 47 
37 88 11 
79 18 93 
78 97 91 
79 83 41 
44 100 26 
73 58 89 
29 89 75 
26 46 90 
57 71 37 
34 100 4 
31 23 69 
44 77 97 
32 76 49 
24 86 67 
1 12 14 
50 100 14 
2 95 74 
37 81 96 
44 8 4 
90 16 86 
22 42 13 
30 48 15 
26 7 1 
92 37 67 
47 99 13 
73 43 53 
37 17 9 
84 58 20 
45 17 74 
71 52 95 
19 74 34 
13 25 34 
26 99 43 
17 39 8 
84 55 56 
60 46 67 
8 12 86 
94 13 24 
97 46 70 
49 100 12 
6 46 33 
38 43 44 
46 80 44 
86 97 58 
3 81 45 
59 53 36 
23 53 61 
20 68 34 
19 49 72 
98 5 91 
97 10 78 
63 93 80 
41 74 36 
19 8 22 
98 18 43 
28 72 88 
39 27 42 
66 93 29 
15 12 85 
19 57 36 
86 68 78 
1 12 96 
1 7 12 
100 64 3 
56 4 78 
100 61 17 
43 96 46 
14 12 48 
16 59 24 
60 91 27 
68 70 82 
21 97 23 
27 74 36 
38 5 7 
19 99 71 
14 77 33 
39 70 81 
29 78 35 
10 27 32 
20 31 71 
100 66 74 
46 15 78 
12 81 47 
69 48 60 
7 74 91 
27 100 76 
11 87 66 
37 54 11 
56 77 88 
24 61 13 
75 4 93 
14 96 40 
44 8 39 
30 58 50 
47 87 90 
96 14 78 
1 19 14 
74 3 86 
80 36 55 
60 29 23 
27 31 18 
8 65 52 
71 18 32 
29 80 98 
94 69 58 
81 65 37 
79 85 46 
83 55 24 
59 20 42 
43 75 78 
2 77 87 
40 63 61 
27 38 39 
66 95 24 
35 53 62 
23 96 92 
69 61 9 
68 50 3 
67 35 36 
67 2 3 
100 74 36 
37 1 25 
11 47 72 
94 22 74 
27 80 98 
42 22 74 
19 90 99 
84 65 94 
100 17 68 
74 89 2 
95 18 52 
97 37 74 
77 82 34 
24 82 25 
97 54 10 
16 84 20 
65 64 52 
13 30 15 
37 34 5 
31 65 5 
78 77 22 
63 76 96 
100 33 54 
30 75 16 
4 50 86 
56 26 3 
27 97 89 
43 96 92 
56 78 14 
33 5 82 
55 80 10 
7 90 1 
11 66 79 
25 2 43 
69 14 72 
63 66 27 
40 96 100 
19 82 6 
96 75 64 
3 56 82 
66 37 15 
6 2 46 
55 87 50 
35 92 22 
20 42 38 
2 91 39 
52 20 12 
25 18 22 
26 73 36 
40 56 31 
41 5 22 
19 41 55 
14 89 19 
2 83 29 
28 62 89 
18 51 25 
45 56 43 
26 5 3 
84 15 89 
49 60 6 
34 84 47 
79 29 62 
67 76 94 
39 78 35 
14 97 11 
64 91 93 
4 12 90 
83 49 96 
86 56 25 
9 57 36 
58 1 12 
34 28 6 
83 2 54 
41 25 96 
42 71 58 
14 59 75 
85 94 86 
68 98 17 
61 37 11 
41 15 84 
5 24 93 
76 64 25 
43 75 28 
2 89 75 
38 9 17 
29 12 88 
5 69 17 
74 92 20 
15 19 3 
85 44 96 
58 23 14 
37 98 68 
90 86 69 
49 44 26 
93 49 89 
87 36 29 
71 19 90 
8 96 93 
47 27 32 
97 66 62 
22 7 31 
28 43 98 
94 33 70 
35 66 61 
79 98 21 
27 45 15 
50 42 12 
91 24 73 
38 2 1 
34 40 44 
14 3 42 
47 9 87 
70 88 83 
90 44 40 
70 18 1 
78 99 59 
11 82 96 
22 9 95 
92 17 68 
5 54 44 
95 51 18 
97 71 48 
60 87 99 
8 27 32 
82 54 52 
12 17 4 
66 10 22 
19 55 86 
63 8 19 
26 66 91 
25 17 80 
27 84 93 
49 8 54 
26 10 99 
95 37 56 
88 89 86 
12 57 21 
20 52 55 
38 25 91 
37 79 16 
99 56 47 
88 61 89 
51 66 78 
28 62 22 
57 96 90 
69 90 73 
94 2 10 
65 70 17 
31 68 40 
19 16 49 
35 22 75 
15 6 82 
8 78 48 
61 53 55 
65 14 95 
52 35 69 
58 20 12 
76 28 80 
3 50 59 
13 4 9 
99 6 64 
67 34 13 
51 21 56 
39 75 45 
76 38 89 
67 4 25 
89 11 70 
17 50 49 
45 60 10 
5 36 4 
53 50 79 
10 57 80 
11 43 18 
35 95 61 
67 76 79 
73 70 83 
27 46 34 
13 42 37 
29 90 58 
28 53 19 
13 38 23 
77 43 73 
8 57 100 
33 30 10 
12 43 71 
1 77 32 
68 51 83 
27 37 87 
81 70 5 
88 79 3 
33 53 11 
59 54 17 
52 51 17 
32 84 46 
58 60 79 
100 23 55 
45 29 65 
18 3 99 
66 15 33 
37 14 2 
53 70 49 
15 43 26 
27 37 86 
3 31 13 
19 74 24 
68 80 87 
7 67 75 
91 23 79 
69 13 3 
30 38 36 
25 67 74 
1 16 41 
1 49 95 
31 81 95 
10 91 57 
31 25 91 
100 62 34 
22 80 79 
15 7 99 
84 96 30 
30 88 57 
86 37 30 
23 73 22 
24 15 98 
32 5 43 
29 73 25 
100 7 3 
64 41 44 
44 99 79 
31 82 81 
8 80 47 
59 22 35 
38 7 79 
19 4 79 
36 54 57 
26 49 13 
24 46 7 
32 75 40 
78 27 4 
5 74 24 
93 90 44 
10 14 24 
90 57 94 
46 87 56 
27 66 64 
80 55 46 
10 44 55 
59 54 45 
83 47 7 
2 55 9 
16 78 39 
85 50 39 
72 35 19 
47 7 4 
67 43 13 
32 17 1 
34 3 4 
25 7 46 
61 52 49 
8 36 31 
29 77 47 
26 33 98 
80 41 89 
43 62 82 
98 89 40 
15 69 18 
13 88 21 
74 47 41 
72 4 28 
96 62 16 
44 42 1 
65 85 22 
8 66 92 
12 21 56 
88 35 82 
2 77 50 
76 22 82 
35 65 8 
86 34 55 
100 65 35 
97 67 5 
37 50 51 
67 70 84 
35 91 43 
77 66 72 
56 29 71 
62 36 87 
68 72 18 
81 85 80 
14 80 54 
28 98 67 
16 84 1 
65 81 86 
98 41 40 
46 65 37 
65 64 18 
54 32 80 
16 27 58 
17 76 23 
98 46 53 
21 73 5 
35 26 74 
99 96 44 
99 29 63 
77 56 86 
55 94 85 
60 67 29 
62 98 47 
84 73 33 
40 14 88 
86 33 15 
82 21 63 
9 76 94 
12 68 79 
29 20 69 
29 86 66 
5 19 50 
97 64 72 
8 19 78 
96 61 56 
3 78 50 
73 92 63 
64 53 93 
71 36 30 
52 3 10 
14 62 11 
22 48 24 
38 79 39 
77 8 67 
45 25 96 
60 29 17 
25 28 91 
95 51 50 
87 46 80 
25 99 43 
81 62 94 
61 57 19 
44 82 10 
77 98 71 
35 84 30 
34 28 7 
33 5 27 
80 35 81 
95 4 56 
95 96 74 
84 50 32 
94 9 20 
33 66 51 
65 99 39 
8 25 27 
78 59 72 
77 22 98 
96 81 64 
23 74 11 
89 97 67 
29 54 86 
28 2 64 
29 48 16 
52 23 88 
47 23 65 
33 20 17 
30 88 8 
23 41 57 
73 27 48 
4 88 47 
8 97 23 
19 5 21 
19 29 1 
17 70 45 
95 7 81 
29 82 74 
57 96 45 
54 40 79 
99 24 49 
69 65 72 
78 99 3 
92 70 71 
53 77 40 
21 8 80 
32 60 38 
92 8 53 
85 46 16 
74 72 100 
83 16 39 
25 86 70 
20 63 79 
24 51 19 
57 1 76 
74 81 80 
95 83 21 
49 53 21 
81 36 70 
92 54 5 
61 27 57 
100 66 58 
81 59 23 
32 16 25 
4 31 29 
4 68 88 
57 66 26 
49 60 41 
31 80 41 
84 65 1 
90 40 97 
1 48 49 
83 99 13 
39 34 51 
35 69 79 
13 12 20 
89 71 1 
80 45 69 
10 43 64 
30 8 42 
28 49 67 
26 28 2 
27 14 84 
55 59 89 
65 93 64 
42 46 49 
57 66 55 
78 29 69 
10 88 21 
83 15 51 
76 45 81 
57 17 51 
24 54 98 
30 46 85 
65 98 40 
20 26 44 
30 84 15 
50 71 68 
20 16 68 
77 38 80 
38 66 54 
21 19 61 
47 14 5 
93 55 19 
74 66 20 
26 51 35 
93 9 97 
69 44 72 
71 77 87 
35 70 49 
30 21 65 
95 52 49 
69 68 72 
47 46 4 
65 55 19 
62 21 66 
41 48 21 
73 40 21 
17 43 18 
7 9 66 
10 39 87 
96 44 72 
20 48 23 
98 19 55 
48 4 84 
42 60 13 
34 46 52 
55 30 22 
45 43 54 
12 53 44 
88 70 100 
89 63 6 
7 57 24 
87 82 22 
65 30 87 
25 96 20 
68 4 49 
9 31 20 
97 54 25 
55 40 52 
88 62 6 
8 79 96 
100 19 97 
51 54 44 
30 51 45 
31 34 93 
33 38 35 
14 56 93 
34 100 27 
85 44 18 
46 66 59 
27 100 11 
27 92 88 
82 5 69 
93 92 64 
14 48 73 
73 52 38 
29 99 42 
27 78 35 
16 44 63 
92 12 62 
62 88 98 
52 42 24 
36 96 95 
69 83 76 
33 59 17 
41 68 78 
12 20 11 
26 3 15 
86 84 9 
37 99 26 
86 83 35 
50 83 91 
83 66 13 
15 90 65 
90 23 21 
24 42 8 
58 23 9 
8 55 65 
84 100 79 
41 31 6 
26 38 15 
71 23 39 
38 99 39 
58 6 15 
6 74 77 
74 7 90 
62 61 93 
50 5 78 
90 41 84 
2 12 27 
38 89 20 
14 98 77 
31 13 38 
92 67 55 
63 85 81 
23 97 12 
80 89 46 
94 26 65 
33 27 22 
34 48 5 
86 7 4 
83 88 9 
69 73 78 
64 37 72 
52 30 31 
26 10 57 
33 15 53 
85 33 35 
41 54 24 
72 71 89 
16 85 68 
2 63 75 
49 79 37 
21 93 66 
26 71 63 
52 80 14 
44 27 31 
9 17 1 
96 17 22 
31 19 39 
82 57 49 
93 33 44 
62 93 28 
37 22 84 
31 16 100 
36 63 83 
47 18 84 
52 57 93 
59 48 31 
37 33 21 
55 58 75 
63 18 72 
64 32 66 
2 31 40 
14 99 41 
2 56 84 
75 83 26 
70 38 28 
16 3 84 
20 29 54 
10 55 67 
5 36 50 
87 3 74 
30 38 35 
90 25 91 
11 99 34 
75 67 12 
90 97 31 
55 35 53 
40 72 78 
18 22 19 
88 11 89 
12 81 78 
72 48 58 
66 6 42 
83 47 33 
75 74 33 
37 89 38 
16 31 5 
32 41 97 
51 49 62 
87 6 24 
5 91 51 
90 82 45 
63 32 26 
47 97 60 
3 79 12 
89 12 48 
98 93 63 
89 45 52 
11 82 15 
15 29 94 
96 12 15 
93 13 40 
70 14 37 
90 38 94 
68 52 45 
45 80 78 
75 72 48 
56 32 4 
76 69 40 
16 17 90 
29 62 100 
45 81 34 
71 90 72 
10 2 9 
46 35 36 
33 31 13 
30 20 45 
60 3 90 
7 69 48 
76 93 31 
21 57 83 
8 35 40 
41 48 74 
7 60 73 
75 69 42 
79 100 11 
47 70 30 
61 66 83 
99 16 59 
83 64 63 
49 95 59 
84 53 15 
20 45 98 
29 63 78 
4 74 40 
24 36 22 
60 12 23 
81 99 30 
17 62 5 
81 84 66 
25 94 39 
5 71 54 
55 27 37 
61 28 48 
33 10 29 
11 36 17 
8 3 32 
25 72 2 
48 54 6 
37 30 8 
36 45 14 
65 12 90 
17 43 27 
75 94 87 
84 68 31 
11 13 26 
43 96 51 
67 35 55 
51 75 29 
20 51 8 
39 54 31 
4 46 49 
99 44 60 
7 75 1 
89 48 25 
88 100 86 
31 59 25 
82 31 69 
68 33 44 
23 31 91 
22 10 65 
81 72 5 
40 60 53 
11 86 77 
43 9 40 
35 87 95 
90 72 96 
21 37 70 
41 62 24 
96 63 17 
23 7 62 
7 3 20 
4 42 13 
31 51 36 
93 44 18 
21 62 40 
4 13 91 
5 88 35 
74 90 68 
67 11 27 
45 15 58 
86 35 96 
58 85 64 
25 65 17 
61 57 28 
34 73 4 
47 10 21 
27 28 12 
10 87 90 
33 77 38 
1 99 36 
73 50 10 
52 54 84 
6 2 22 
86 33 55 
36 69 76 
94 65 53 
66 12 24 
90 3 49 
79 74 17 
36 99 70 
36 14 76 
2 30 16 
1 26 95 
93 43 23 
9 71 57 
15 17 70 
56 98 100 
33 31 77 
99 34 88 
15 23 27 
47 66 28 
34 45 10 
80 75 27 
16 10 42 
68 86 14 
71 84 76 
70 3 98 
50 3 60 
13 26 77 
86 16 91 
44 90 67 
11 57 93 
1 36 19 
15 46 24 
94 78 31 
90 70 88 
67 46 16 
17 63 49 
44 22 10 
94 96 76 
69 66 11 
99 12 92 
38 88 44 
14 40 66 
77 53 84 
11 73 39 
76 5 86 
26 1 74 
82 27 57 
9 29 26 
10 59 26 
28 24 8 
75 86 1 
37 30 77 
5 85 8 
80 56 49 
33 93 71 
49 46 16 
8 58 62 
43 71 70 
1 14 15 
47 78 53 
79 59 45 
16 37 87 
76 29 63 
8 32 78 
5 23 67 
80 1 89 
85 1 100 
85 57 10 
18 86 78 
56 100 84 
61 22 43 
42 86 90 
66 24 41 
16 63 82 
79 59 68 
49 95 77 
98 40 44 
99 7 98 
93 21 88 
7 81 43 
77 68 67 
96 80 17 
56 12 10 
23 73 12 
19 83 73 
8 45 93 
23 19 76 
81 85 22 
80 100 37 
82 69 7 
94 69 80 
98 25 51 
7 2 1 
50 2 10 
55 9 56 
28 54 85 
78 30 8 
40 27 37 
5 38 47 
2 65 21 
42 23 100 
25 31 27 
7 51 46 
19 75 26 
42 39 89 
53 9 70 
50 87 67 
36 52 72 
98 11 56 
25 87 45 
20 91 36 
40 54 59 
76 95 42 
49 63 62 
58 90 39 
2 85 25 
25 65 28 
18 5 92 
87 27 26 
83 9 100 
86 18 19 
51 76 24 
78 7 84 
77 84 69 
58 17 36 
47 94 46 
33 91 39 
53 4 17 
14 28 93 
12 21 47 
90 26 79 
86 4 56 
64 33 93 
27 81 32 
25 31 22 
43 68 94 
1 51 67 
1 6 88 
2 29 10 
52 78 43 
73 64 98 
96 9 19 
40 72 94 
24 35 3 
74 54 72 
28 13 31 
25 58 64 
91 94 78 
98 72 92 
54 11 65 
77 99 83 
23 48 7 
34 42 15 
32 62 46 
58 76 87 
66 19 31 
73 86 1 
81 55 1 
90 39 34 
67 18 23 
25 84 40 
60 35 86 
25 54 27 
97 17 77 
97 46 56 
17 62 3 
25 15 68 
11 94 57 
76 72 37 
2 68 100 
28 87 71 
14 77 94 
12 63 88 
57 2 51 
68 49 31 
51 96 92 
93 16 89 
72 55 21 
18 15 49 
27 45 43 
79 42 81 
49 45 33 
93 53 49 
96 62 74 
16 30 47 
97 29 65 
36 48 51 
4 41 40 
47 27 50 
99 97 58 
82 12 93 
2 43 30 
17 58 99 
18 16 31 
7 90 68 
3 41 67 
66 93 12 
78 1 65 
44 8 40 
91 97 62 
56 69 26 
66 62 99 
4 2 95 
2 17 14 
22 12 31 
36 61 62 
17 24 61 
17 43 73 
72 27 58 
49 20 79 
85 2 49 
77 2 89 
43 26 77 
67 4 8 
49 8 35 
88 7 91 
14 11 82 
32 5 26 
36 35 76 
74 33 59 
59 42 14 
67 48 1 
34 53 38 
80 18 73 
1 11 38 
21 5 55 
86 39 97 
64 23 43 
40 88 25 
8 99 21 
7 96 50 
61 65 68 
64 4 44 
49 16 69 
59 88 23 
33 60 62 
60 20 63 
14 91 55 
87 10 11 
10 13 47 
25 21 55 
52 66 40 
3 100 37 
39 8 78 
91 36 64 
1 15 24 
88 20 69 
17 10 64 
12 44 72 
86 94 91 
52 34 5 
25 59 95 
32 66 47 
75 65 25 
60 12 7 
21 31 55 
29 49 51 
38 76 13 
16 46 14 
94 35 9 
73 23 55 
43 58 4 
27 5 73 
1 82 2 
88 23 65 
46 80 38 
19 74 6 
10 58 81 
57 91 100 
61 27 29 
69 71 2 
15 16 71 
6 33 54 
77 65 33 
35 2 99 
23 66 97 
19 54 44 
80 60 83 
73 41 60 
90 39 32 
84 88 5 
14 5 8 
64 38 2 
47 35 4 
24 42 5 
87 37 19 
43 80 76 
46 19 54 
8 49 86 
17 14 19 
29 58 51 
40 75 22 
50 9 38 
90 36 12 
7 53 46 
78 25 62 
28 95 67 
75 54 55 
44 66 64 
50 1 79 
49 65 3 
18 86 71 
92 21 58 
92 69 71 
90 27 81 
3 15 71 
91 77 15 
73 40 50 
45 33 56 
72 48 82 
26 6 12 
84 69 21 
5 48 92 
63 97 37 
64 67 13 
87 55 72 
85 89 38 
41 5 25 
68 51 56 
66 41 2 
22 51 8 
70 93 44 
54 91 53 
33 89 76 
68 80 88 
9 8 37 
92 38 49 
24 19 48 
87 5 84 
23 39 56 
19 65 45 
21 74 28 
80 72 99 
24 74 16 
19 77 35 
44 11 48 
86 10 6 
79 17 68 
92 57 97 
86 60 81 
98 80 71 
49 28 78 
14 22 15 
87 37 96 
94 65 77 
79 93 66 
31 60 68 
52 17 79 
34 1 28 
46 91 95 
23 99 66 
84 71 36 
29 100 77 
100 19 72 
68 90 15 
32 43 6 
50 3 37 
99 1 55 
75 38 86 
34 11 100 
42 58 51 
53 3 66 
24 70 81 
19 74 7 
3 90 98 
69 63 22 
37 24 45 
15 10 95 
10 1 80 
2 73 94 
6 53 46 
82 70 23 
84 59 13 
80 53 59 
17 53 25 
76 90 11 
46 36 78 
71 93 25 
1 55 98 
50 91 25 
76 73 90 
39 25 54 
15 68 82 
61 63 15 
40 64 76 
24 65 27 
4 60 40 
36 62 14 
4 65 25 
22 15 74 
93 38 47 
64 58 10 
50 85 68 
88 12 20 
75 42 68 
61 57 59 
75 37 65 
32 29 39 
34 15 2 
96 22 75 
3 72 67 
9 62 17 
32 90 60 
95 93 45 
25 31 29 
78 42 76 
15 78 32 
27 1 85 
38 77 56 
81 69 14 
18 99 78 
46 55 67 
70 17 25 
25 57 2 
26 68 8 
10 74 18 
42 53 41 
76 84 50 
64 39 16 
27 5 36 
27 44 52 
25 21 85 
72 25 46 
96 73 46 
10 81 97 
41 71 89 
91 27 8 
95 84 58 
1 74 78 
40 77 96 
75 95 65 
27 16 48 
11 29 44 
78 63 84 
16 25 87 
62 77 78 
98 82 22 
63 90 39 
29 68 92 
28 1 54 
7 20 6 
41 27 100 
26 2 21 
59 33 96 
80 49 62 
29 74 4 
37 14 5 
4 55 15 
94 33 72 
19 80 91 
72 29 85 
67 27 85 
44 9 2 
52 49 58 
78 15 18 
88 79 66 
71 46 49 
97 31 81 
87 15 82 
87 18 81 
26 100 53 
29 20 81 
83 45 64 
40 74 30 
30 99 43 
49 80 44 
71 3 53 
33 14 69 
42 25 82 
37 84 33 
4 17 3 
48 77 16 
44 59 64 
91 34 68 
52 6 25 
2 88 49 
21 29 28 
34 69 56 
19 100 82 
95 38 89 
58 67 47 
24 32 49 
53 18 7 
19 67 61 
46 40 37 
49 23 75 
77 59 82 
12 62 80 
97 20 74 
63 39 32 
49 63 51 
34 33 74 
96 69 53 
20 94 43 
38 8 79 
56 69 16 
87 100 28 
77 68 29 
74 89 60 
18 76 12 
77 86 37 
14 13 21 
27 46 25 
28 86 77 
22 59 89 
32 28 31 
57 3 77 
82 31 85 
29 100 20 
9 32 47 
9 97 13 
93 56 86 
30 100 14 
3 60 61 
100 93 53 
38 29 73 
14 86 65 
2 39 30 
98 44 34 
24 48 41 
94 75 61 
29 92 74 
69 19 98 
55 88 49 
95 31 12 
80 83 6 
46 80 47 
83 96 64 
87 80 26 
84 100 74 
35 6 82 
17 81 21 
50 33 35 
76 46 61 
16 30 66 
25 82 27 
32 34 3 
68 11 54 
24 62 45 
24 78 32 
77 43 98 
75 74 70 
91 48 96 
32 50 81 
77 99 40 
42 26 92 
34 100 48 
79 56 54 
95 31 44 
63 30 27 
56 28 35 
50 85 82 
39 50 57 
57 55 86 
57 60 5 
50 18 11 
13 48 52 
100 3 4 
96 20 79 
46 94 100 
35 11 60 
68 66 46 
15 64 12 
70 40 16 
53 94 58 
68 22 43 
18 16 59 
3 54 51 
25 13 62 
43 50 4 
70 99 63 
24 43 7 
34 36 15 
67 53 15 
98 20 47 
13 4 39 
3 19 67 
14 57 3 
19 42 59 
23 79 16 
13 79 25 
18 8 69 
1 22 41 
24 7 8 
28 26 42 
84 64 28 
12 89 80 
61 63 43 
28 34 41 
3 65 69 
16 46 64 
45 100 37 
35 47 95 
80 49 58 
69 71 33 
26 5 20 
72 32 57 
96 7 82 
51 31 78 
9 63 83 
66 72 68 
93 15 27 
49 29 13 
84 31 67 
63 18 8 
82 63 67 
49 99 73 
3 98 71 
73 47 65 
39 66 43 
61 46 35 
87 82 63 
9 54 27 
34 22 18 
53 70 18 
70 13 14 
90 5 35 
89 56 64 
81 8 83 
42 97 99 
91 4 65 
6 64 25 
54 70 40 
42 84 81 
78 65 2 
49 62 45 
25 53 11 
39 31 60 
68 85 78 
84 21 94 
67 86 52 
34 23 22 
19 5 74 
80 26 59 
99 98 82 
33 22 2 
92 73 7 
16 65 25 
87 18 38 
56 39 11 
70 8 10 
80 84 91 
9 70 46 
50 96 32 
26 4 48 
83 62 99 
29 75 20 
7 83 26 
77 6 99 
88 78 46 
25 81 77 
13 32 49 
66 93 22 
22 72 78 
86 23 91 
35 92 30 
26 66 55 
89 37 63 
82 54 8 
24 88 37 
85 30 54 
6 36 10 
37 62 36 
93 16 52 
9 94 89 
72 70 83 
73 86 53 
94 38 59 
1 30 60 
28 27 43 
43 60 22 
54 43 91 
33 14 28 
44 19 16 
84 62 44 
59 25 39 
33 30 45 
49 63 21 
74 8 50 
21 35 14 
62 58 27 
86 46 79 
51 78 15 
9 6 2 
35 83 3 
98 45 8 
100 96 51 
3 2 93 
30 29 59 
39 42 38 
6 2 54 
35 66 68 
75 4 68 
81 92 37 
35 86 99 
21 99 5 
48 4 100 
49 48 80 
27 16 84 
57 40 34 
69 72 41 
64 2 53 
100 69 10 
9 24 52 
30 13 59 
12 27 66 
84 31 85 
21 65 18 
37 77 12 
9 29 22 
86 8 52 
87 40 34 
37 43 87 
32 91 7 
40 58 42 
20 39 2 
51 49 36 
40 24 78 
80 35 70 
9 19 8 
40 3 94 
23 46 30 
21 6 45 
53 4 9 
15 94 58 
85 96 19 
88 70 45 
2 15 66 
99 86 71 
66 2 98 
59 63 94 
58 22 70 
29 3 96 
19 48 41 
86 46 40 
17 23 21 
23 97 1 
15 95 63 
89 34 63 
33 89 13 
15 70 100 
21 92 84 
41 45 14 
50 53 15 
79 64 53 
98 60 80 
62 5 4 
8 92 5 
87 94 89 
57 63 75 
62 91 20 
29 59 25 
90 31 92 
100 55 60 
35 53 34 
80 8 65 
36 100 16 
17 61 76 
71 22 17 
37 53 46 
93 12 85 
37 19 11 
25 8 14 
39 92 31 
10 17 32 
83 41 2 
18 45 35 
20 93 64 
41 68 96 
42 39 77 
1 42 64 
44 93 82 
31 26 53 
9 6 59 
82 11 84 
100 19 55 
33 57 19 
28 62 85 
45 58 98 
64 40 43 
71 93 48 
42 88 55 
32 7 30 
22 61 81 
66 17 7 
23 28 87 
3 50 44 
78 34 72 
52 69 76 
38 15 45 
23 62 14 
61 63 14 
48 22 79 
90 49 53 
33 51 19 
63 67 25 
2 22 40 
42 78 34 
23 31 87 
73 66 85 
76 62 80 
91 82 59 
79 57 89 
3 94 98 
34 28 45 
97 44 74 
2 72 16 
25 8 36 
99 64 35 
60 9 28 
6 66 77 
6 51 57 
22 23 21 
45 36 81 
90 36 24 
66 72 52 
48 33 80 
83 61 18 
79 99 30 
6 45 57 
99 88 1 
19 39 13 
12 20 67 
56 17 77 
45 1 14 
24 9 19 
55 42 7 
22 48 99 
8 77 32 
33 83 27 
25 11 43 
79 60 53 
87 96 30 
100 17 95 
19 85 3 
66 1 23 
55 54 43 
17 15 29 
24 39 33 
6 35 31 
20 7 97 
48 39 75 
49 87 35 
99 6 88 
81 32 56 
93 7 51 
14 45 68 
52 89 87 
56 60 9 
81 19 63 
29 77 22 
21 24 26 
53 56 79 
31 42 5 
75 5 62 
23 74 35 
65 39 57 
31 47 90 
84 97 29 
21 48 33 
76 3 63 
95 54 90 
57 53 13 
17 35 50 
39 32 84 
26 15 30 
79 75 63 
38 93 67 
32 51 38 
87 20 78 
57 9 51 
99 86 30 
61 38 53 
95 31 40 
65 2 90 
98 63 87 
93 34 17 
13 80 97 
44 24 5 
73 52 64 
28 18 4 
45 96 82 
44 26 5 
40 87 71 
33 19 3 
2 55 98 
12 71 64 
2 10 11 
29 74 10 
74 58 10 
78 10 4 
48 60 51 
78 62 53 
72 23 42 
28 70 54 
78 22 64 
13 49 1 
25 64 34 
70 62 73 
97 17 44 
32 25 13 
69 41 61 
90 15 50 
41 19 21 
94 70 19 
61 75 88 
40 10 68 
4 66 64 
55 58 92 
43 88 45 
100 21 8 
50 42 7 
94 67 10 
2 10 44 
97 52 34 
75 68 50 
72 49 38 
44 42 78 
12 19 4 
61 71 43 
78 37 90 
66 29 14 
80 16 99 
72 15 89 
10 19 11 
63 15 12 
19 98 5 
12 36 56 
14 75 12 
94 32 29 
67 55 13 
20 79 45 
95 41 9 
85 63 47 
71 53 86 
22 31 17 
7 54 61 
88 16 11 
25 43 20 
64 73 72 
91 21 31 
76 73 50 
18 83 71 
71 87 31 
21 48 3 
49 37 10 
73 11 43 
90 4 25 
77 72 44 
63 33 44 
3 60 100 
93 42 91 
85 7 51 
29 2 73 
25 34 31 
51 69 41 
15 49 85 
81 71 41 
36 54 47 
14 10 7 
24 74 22 
83 14 38 
58 20 27 
68 16 48 
80 69 24 
13 46 71 
27 68 4 
78 71 74 
23 86 73 
21 31 33 
17 6 43 
63 95 38 
62 90 10 
74 96 85 
14 24 97 
8 75 32 
43 40 21 
9 46 25 
57 32 88 
47 26 50 
41 15 11 
57 31 45 
47 1 32 
40 88 3 
71 48 3 
97 30 58 
22 82 32 
87 23 16 
41 65 45 
7 36 30 
91 4 1 
68 63 61 
66 64 95 
91 94 46 
45 56 26 
2 62 50 
75 62 13 
65 10 64 
79 61 16 
40 13 17 
33 67 75 
77 12 8 
19 11 43 
14 55 67 
39 24 51 
95 26 36 
57 85 66 
71 52 1 
90 8 49 
88 92 91 
24 31 98 
45 22 66 
34 4 62 
93 75 92 
90 56 31 
44 58 73 
76 98 50 
97 47 30 
81 31 94 
5 79 23 
55 63 99 
18 96 86 
83 60 100 
45 69 15 
29 34 9 
30 45 42 
66 58 99 
27 46 13 
37 73 16 
19 40 46 
39 98 63 
85 59 56 
95 77 84 
78 85 8 
81 52 84 
57 61 94 
82 96 100 
98 29 58 
4 72 10 
32 9 21 
31 79 36 
13 23 11 
12 65 50 
35 51 17 
97 75 62 
59 41 9 
16 36 19 
31 73 27 
51 70 56 
25 2 30 
66 22 17 
45 51 81 
12 54 72 
67 71 18 
87 34 100 
67 27 99 
49 87 29 
62 97 22 
75 82 10 
21 60 46 
88 65 34 
45 77 30 
67 31 15 
43 89 30 
4 12 26 
58 67 78 
61 93 99 
34 39 49 
81 84 93 
22 42 61 
60 28 24 
25 39 52 
68 99 59 
83 85 13 
99 12 86 
76 81 12 
55 39 22 
28 48 85 
26 24 15 
57 40 56 
16 59 33 
52 23 13 
44 68 84 
47 53 73 
8 93 73 
87 83 44 
89 15 51 
22 35 4 
32 74 41 
21 29 78 
31 14 62 
32 79 14 
56 67 69 
48 78 40 
73 3 42 
83 59 10 
78 11 70 
61 67 63 
16 12 55 
6 31 21 
57 66 78 
98 93 26 
25 100 8 
98 6 32 
79 95 55 
64 98 29 
12 36 14 
1 22 20 
4 94 83 
67 46 10 
61 51 66 
34 18 5 
75 100 37 
91 53 77 
22 59 100 
82 99 57 
39 11 81 
74 98 59 
56 18 25 
21 64 5 
39 81 31 
83 18 63 
63 16 87 
52 56 59 
99 51 25 
25 2 100 
97 98 83 
84 48 70 
60 96 54 
9 75 47 
30 14 38 
38 48 35 
70 86 17 
2 27 71 
100 39 54 
62 35 56 
26 43 23 
25 61 85 
86 6 31 
44 76 2 
25 87 93 
94 80 13 
55 100 80 
84 57 32 
39 91 50 
42 48 2 
28 53 48 
34 94 49 
40 80 53 
70 6 28 
44 46 61 
34 35 72 
24 22 80 
33 15 80 
19 93 1 
38 22 15 
99 88 69 
8 14 96 
83 41 34 
33 79 50 
73 85 41 
98 97 40 
84 100 41 
43 84 77 
18 68 4 
34 13 36 
23 16 64 
49 95 63 
76 84 95 
23 11 99 
69 28 98 
28 85 14 
79 61 71 
58 56 90 
85 14 92 
16 14 48 
8 34 93 
54 11 87 
72 86 6 
50 91 1 
57 31 87 
24 85 65 
87 35 78 
9 45 64 
56 58 78 
3 38 63 
4 65 26 
19 35 97 
42 65 77 
31 64 20 
48 40 58 
77 6 98 
37 68 9 
86 64 94 
12 59 64 
14 4 79 
10 82 7 
62 29 98 
42 37 96 
44 11 58 
64 11 43 
84 33 61 
46 87 34 
8 48 35 
46 37 18 
70 48 87 
39 51 22 
85 26 43 
80 44 67 
16 73 10 
78 61 51 
54 66 43 
17 46 86 
4 43 59 
4 48 85 
99 12 48 
39 58 49 
24 92 23 
49 42 75 
52 7 14 
78 83 75 
69 57 3 
83 11 63 
89 50 8 
17 81 12 
28 51 52 
53 84 74 
54 34 25 
100 16 72 
33 85 12 
79 27 62 
10 68 18 
5 96 26 
90 26 89 
50 19 56 
62 58 66 
74 49 53 
86 94 99 
12 57 97 
38 9 58 
49 59 69 
28 27 81 
95 98 100 
49 63 7 
25 27 58 
27 53 98 
14 55 16 
3 39 47 
94 59 50 
43 66 19 
69 49 68 
94 29 10 
41 25 76 
57 10 87 
44 30 94 
47 27 60 
69 60 40 
64 89 81 
41 19 35 
98 82 77 
91 68 15 
45 5 19 
81 41 82 
46 19 50 
49 40 91 
12 49 25 
74 53 40 
26 3 57 
42 29 91 
59 11 46 
34 78 36 
95 91 13 
73 58 90 
73 9 61 
17 39 13 
3 78 96 
45 11 15 
62 66 52 
39 66 53 
67 17 13 
49 50 41 
24 75 96 
34 5 75 
95 42 27 
42 100 46 
33 42 2 
66 41 34 
29 62 37 
63 4 28 
41 88 25 
49 48 53 
5 83 29 
39 21 38 
37 24 65 
74 43 69 
46 66 54 
52 49 39 
36 69 18 
68 51 7 
45 22 89 
23 27 71 
43 77 62 
31 50 44 
20 16 69 
36 68 32 
64 42 48 
39 75 3 
32 96 28 
14 40 72 
47 5 41 
23 62 74 
95 98 97 
27 37 61 
23 81 18 
39 85 93 
12 1 79 
11 14 100 
79 64 26 
55 38 56 
21 62 51 
97 66 1 
78 17 75 
8 66 56 
52 75 23 
78 25 20 
3 43 72 
76 36 62 
53 36 70 
84 53 16 
78 46 73 
86 20 7 
36 74 78 
91 16 82 
33 28 25 
93 44 3 
87 39 74 
23 76 31 
83 92 84 
23 68 22 
56 21 69 
93 30 16 
49 14 60 
5 55 83 
30 64 31 
83 7 52 
4 15 25 
97 33 59 
85 62 61 
2 13 25 
13 57 93 
84 69 70 
52 8 78 
51 60 17 
76 57 83 
88 92 12 
38 82 81 
45 9 8 
73 62 17 
21 90 76 
75 66 55 
3 90 9 
95 45 16 
56 90 64 
49 77 91 
73 62 51 
27 10 88 
44 27 50 
56 62 65 
90 22 36 
6 45 26 
8 23 63 
30 64 96 
14 13 4 
57 17 63 
98 39 7 
41 95 60 
78 62 83 
99 9 88 
41 51 40 
98 28 6 
10 33 47 
45 14 65 
5 83 20 
77 66 37 
13 32 5 
12 60 78 
19 64 10 
25 62 49 
42 47 67 
40 11 27 
71 37 90 
64 97 21 
52 26 58 
33 30 7 
10 21 50 
33 2 27 
39 80 18 
32 61 88 
2 57 34 
41 12 3 
97 71 1 
75 67 13 
20 29 18 
40 34 14 
87 20 73 
7 64 24 
43 51 31 
17 68 91 
15 61 68 
68 73 25 
37 84 6 
43 95 74 
6 48 13 
87 39 85 
37 81 28 
15 4 79 
70 72 54 
35 6 80 
80 61 49 
9 79 50 
86 27 7 
61 5 51 
55 22 66 
45 46 49 
47 48 27 
90 14 85 
12 1 11 
59 87 36 
29 28 48 
12 88 23 
3 24 4 
87 25 8 
8 48 98 
80 85 9 
30 59 27 
95 56 13 
4 7 9 
95 86 42 
46 42 3 
6 97 62 
12 23 94 
58 34 18 
27 75 21 
56 13 78 
10 72 6 
57 11 47 
12 4 61 
43 2 69 
37 60 4 
80 84 82 
39 33 100 
44 10 3 
6 35 27 
74 39 84 
33 17 36 
79 100 67 
19 92 40 
45 91 51 
58 70 96 
27 41 47 
79 82 70 
86 51 49 
39 94 29 
83 46 17 
2 75 49 
4 24 5 
76 95 72 
84 69 9 
78 69 63 
77 75 50 
23 95 63 
11 14 88 
100 48 99 
90 47 46 
97 7 26 
13 66 60 
46 71 59 
71 43 1 
80 55 31 
21 10 65 
75 71 89 
27 42 98 
45 21 99 
34 35 8 
8 45 95 
64 52 14 
100 61 16 
21 14 62 
48 80 51 
57 92 91 
21 31 24 
39 12 57 
95 27 46 
62 82 76 
22 43 26 
18 9 99 
46 68 76 
41 12 17 
30 43 16 
88 75 13 
18 43 85 
75 9 98 
80 70 47 
82 70 85 
25 9 11 
36 71 88 
97 52 6 
55 65 1 
91 70 42 
18 74 25 
21 38 30 
55 63 16 
79 57 73 
36 100 47 
70 28 7 
30 46 9 
78 60 57 
99 51 64 
46 41 44 
47 3 5 
1 11 25 
92 25 73 
10 67 75 
44 42 5 
17 31 29 
43 16 81 
3 49 98 
28 38 34 
27 15 22 
68 33 65 
3 95 69 
38 60 21 
35 45 15 
100 90 14 
11 16 4 
15 80 6 
59 93 67 
86 13 16 
93 24 90 
88 16 75 
35 45 7 
53 91 21 
98 49 45 
92 18 66 
83 84 20 
64 70 53 
23 80 94 
60 26 17 
23 35 26 
68 90 100 
96 19 61 
39 12 48 
87 35 41 
32 99 2 
100 61 29 
6 65 51 
26 3 85 
13 85 66 
59 62 89 
24 75 44 
82 70 58 
68 67 63 
97 26 22 
33 78 36 
68 22 60 
61 52 12 
67 27 33 
79 93 29 
42 40 77 
44 53 99 
10 36 28 
6 62 37 
98 25 89 
13 58 52 
36 78 29 
3 74 42 
35 54 75 
45 18 81 
51 37 91 
38 89 39 
64 26 46 
47 30 25 
90 51 84 
100 64 55 
8 36 10 
26 30 33 
33 16 5 
47 87 19 
32 31 78 
46 33 50 
4 97 94 
47 25 31 
20 99 22 
44 30 54 
78 71 14 
36 20 60 
25 80 28 
44 22 31 
14 78 36 
34 20 10 
3 66 60 
68 62 17 
26 96 20 
61 35 97 
43 78 2 
97 61 72 
32 53 39 
71 90 31 
51 48 77 
81 94 49 
66 99 70 
71 73 64 
20 45 29 
79 74 82 
35 53 95 
58 24 94 
95 28 17 
98 28 44 
12 30 37 
53 58 14 
25 73 33 
27 62 15 
52 32 11 
68 18 43 
99 97 21 
10 39 11 
74 27 51 
46 30 88 
16 36 15 
43 41 76 
20 89 24 
25 89 5 
85 38 20 
48 86 72 
54 84 80 
93 43 46 
52 35 48 
50 15 2 
14 9 97 
66 26 15 
76 73 9 
15 93 4 
76 3 84 
34 12 19 
44 10 23 
25 82 80 
82 99 65 
17 31 26 
20 6 72 
44 34 33 
91 57 96 
27 97 65 
20 88 50 
80 62 26 
66 24 10 
91 26 28 
13 64 80 
100 62 18 
46 84 9 
4 38 28 
9 60 41 
29 99 84 
46 13 89 
55 42 3 
13 54 28 
31 23 73 
48 82 80 
63 74 96 
28 26 29 
47 86 74 
47 29 26 
42 45 6 
65 71 61 
98 57 89 
64 20 46 
54 63 61 
48 87 23 
94 79 10 
48 20 69 
23 18 31 
27 99 46 
79 47 64 
73 40 10 
78 6 69 
81 40 61 
6 8 41 
32 73 1 
38 17 45 
43 34 75 
19 91 87 
56 17 76 
10 56 43 
14 22 1 
10 4 80 
9 76 41 
41 8 2 
89 65 14 
4 68 80 
64 31 36 
75 9 61 
51 53 4 
27 8 12 
29 51 7 
60 77 20 
57 31 56 
96 10 12 
16 84 80 
82 84 17 
24 10 12 
47 20 21 
17 65 38 
68 85 8 
64 11 66 
83 47 10 
26 7 10 
1 44 97 
77 11 75 
3 33 47 
85 48 14 
60 70 3 
69 22 98 
68 64 6 
94 70 22 
21 40 55 
2 83 34 
20 28 27 
19 32 70 
85 52 42 
35 39 71 
97 22 50 
48 44 69 
95 56 15 
15 67 89 
15 31 47 
7 80 86 
77 21 2 
100 94 74 
5 73 76 
1 44 85 
11 91 93 
78 76 54 
36 43 85 
40 67 82 
58 95 78 
86 88 19 
72 43 18 
19 69 26 
14 21 50 
51 99 66 
63 16 36 
52 10 28 
62 39 98 
79 59 95 
85 94 91 
29 27 57 
41 53 29 
9 17 7 
77 55 71 
29 94 98 
16 39 71 
32 20 25 
36 42 85 
68 36 93 
44 1 76 
47 35 31 
1 98 68 
98 85 9 
23 89 30 
90 32 42 
72 99 64 
78 83 47 
77 15 64 
10 62 35 
77 48 90 
66 31 17 
16 52 99 
90 13 56 
82 32 49 
65 70 80 
6 75 43 
83 32 44 
96 8 7 
53 28 65 
77 12 72 
59 48 88 
44 43 28 
69 31 65 
11 28 52 
18 35 28 
17 39 25 
44 20 1 
56 38 17 
35 10 68 
90 24 48 
88 75 21 
62 57 95 
81 45 92 
96 73 58 
40 37 75 
97 64 65 
24 87 57 
18 51 44 
26 76 1 
90 28 6 
15 43 98 
65 31 59 
15 17 13 
1 99 32 
95 59 47 
68 72 16 
20 21 11 
91 75 41 
86 21 49 
94 32 34 
98 31 83 
74 51 55 
10 45 43 
38 48 43 
19 93 62 
47 43 15 
18 27 78 
83 39 28 
53 4 88 
28 45 41 
100 13 11 
64 47 48 
75 79 94 
88 13 15 
61 70 96 
81 93 11 
26 20 15 
21 3 31 
98 56 49 
42 15 69 
24 66 45 
93 37 38 
60 2 91 
25 54 17 
75 56 24 
86 89 38 
43 41 80 
66 27 98 
16 83 23 
17 19 47 
92 53 36 
79 59 15 
67 71 45 
54 88 11 
28 53 22 
27 80 29 
1 8 50 
39 81 30 
14 54 97 
41 69 22 
74 65 10 
69 66 37 
57 50 58 
74 55 30 
6 38 35 
87 92 9 
4 43 10 
97 20 39 
62 71 20 
80 71 5 
11 77 31 
99 80 87 
36 67 81 
2 59 80 
23 42 83 
55 31 70 
33 79 46 
22 54 10 
52 29 70 
90 79 66 
43 41 39 
64 55 52 
39 80 42 
47 27 45 
81 66 93 
81 52 23 
29 52 68 
83 23 57 
26 72 18 
26 54 22 
74 48 98 
26 63 100 
50 8 14 
2 83 27 
40 1 79 
53 56 92 
84 94 57 
26 45 38 
9 98 65 
76 34 63 
61 41 67 
59 70 66 
93 92 81 
73 36 51 
94 75 34 
80 27 55 
30 28 88 
25 92 28 
43 88 13 
31 1 89 
1 84 38 
43 20 41 
89 48 44 
33 17 92 
57 50 13 
82 84 49 
4 80 90 
59 8 45 
66 70 16 
26 11 84 
44 35 11 
84 22 62 
89 64 67 
69 14 68 
98 46 33 
36 60 82 
40 57 11 
16 40 73 
98 86 84 
25 2 18 
40 62 80 
75 84 43 
1 18 13 
78 81 20 
43 33 48 
52 44 35 
38 89 43 
51 80 90 
38 18 42 
66 16 40 
29 68 39 
12 43 4 
1 60 97 
92 51 9 
50 59 75 
82 59 19 
39 30 45 
91 80 47 
89 8 60 
3 9 52 
92 64 14 
24 55 13 
36 98 68 
66 62 70 
35 70 59 
87 69 91 
16 65 34 
87 22 97 
64 59 98 
21 75 3 
97 17 27 
99 64 57 
73 56 28 
4 26 93 
2 98 77 
1 81 79 
25 8 11 
45 53 20 
34 94 95 
56 71 18 
7 78 43 
34 84 38 
50 4 80 
37 16 48 
100 62 26 
47 42 50 
35 59 84 
76 67 95 
14 2 18 
47 62 33 
13 51 16 
27 65 28 
5 92 74 
49 66 40 
70 1 85 
79 85 40 
55 78 86 
87 37 82 
50 78 52 
85 89 36 
100 87 91 
27 83 90 
77 31 100 
70 72 15 
42 53 33 
66 32 23 
11 12 28 
17 3 72 
87 85 56 
95 29 26 
61 82 73 
67 85 10 
94 18 28 
71 24 45 
91 51 94 
60 24 27 
75 69 85 
61 22 27 
87 85 43 
90 79 30 
54 11 80 
79 52 95 
94 10 8 
100 29 59 
63 44 5 
11 56 50 
78 2 21 
12 2 97 
84 83 97 
95 82 80 
41 25 16 
40 19 3 
40 7 53 
82 100 84 
35 42 16 
54 70 78 
15 7 97 
8 53 37 
43 36 13 
77 95 33 
75 55 60 
74 25 56 
57 17 52 
22 83 33 
14 85 19 
100 40 68 
51 49 33 
3 34 72 
30 1 36 
29 80 13 
93 55 47 
47 58 9 
32 89 95 
67 7 73 
33 8 62 
34 33 84 
25 73 1 
94 39 60 
69 98 24 
52 14 63 
40 75 26 
13 29 27 
77 8 92 
90 53 80 
68 35 71 
8 83 37 
74 65 82 
21 8 49 
71 73 77 
58 18 13 
21 74 25 
6 7 78 
25 42 87 
72 16 86 
37 5 78 
82 54 47 
40 94 16 
72 73 60 
84 68 7 
68 62 99 
91 12 78 
81 16 62 
44 42 33 
65 58 8 
97 44 78 
67 81 74 
18 36 70 
1 76 35 
98 29 16 
62 53 28 
48 86 98 
68 57 7 
59 87 1 
85 43 4 
32 26 24 
9 7 6 
94 4 33 
40 35 36 
98 47 80 
14 73 69 
61 45 40 
75 89 49 
24 39 15 
61 4 71 
95 84 92 
7 5 39 
47 37 29 
100 21 22 
12 58 85 
61 53 66 
74 70 95 
67 83 71 
19 37 71 
50 35 1 
3 83 81 
53 73 84 
73 45 5 
73 83 65 
87 4 84 
51 36 63 
85 52 37 
97 76 14 
32 16 43 
63 10 14 
37 46 71 
82 33 55 
6 37 8 
36 78 2 
44 60 7 
14 30 1 
49 36 42 
52 79 97 
9 20 7 
97 48 40 
74 33 93 
17 3 39 
11 30 18 
37 3 33 
97 71 50 
92 3 64 
48 6 56 
58 63 78 
7 94 84 
65 59 54 
65 92 87 
76 29 67 
62 2 14 
36 9 54 
77 74 55 
40 37 15 
82 68 38 
20 45 71 
30 88 36 
49 42 76 
24 8 92 
24 99 23 
32 75 4 
79 81 46 
85 92 71 
24 20 18 
39 67 56 
52 48 79 
19 35 59 
57 22 78 
17 40 67 
39 82 13 
9 36 64 
77 80 55 
7 51 12 
1 80 97 
19 30 17 
72 60 93 
7 41 40 
38 76 27 
36 50 95 
33 11 39 
99 75 87 
32 9 92 
71 14 99 
26 62 14 
62 60 18 
64 40 52 
27 7 48 
40 22 89 
14 21 33 
76 100 35 
45 37 66 
83 58 36 
59 80 94 
45 56 28 
32 18 10 
86 84 97 
35 88 43 
26 50 97 
24 1 22 
56 41 70 
8 86 93 
22 28 67 
81 56 60 
66 46 70 
1 74 24 
20 49 2 
54 56 14 
100 62 97 
20 16 39 
49 94 29 
99 57 10 
76 60 35 
44 14 29 
29 53 73 
24 18 15 
17 53 29 
63 41 30 
74 82 9 
98 86 42 
38 21 14 
38 18 62 
22 70 82 
73 67 6 
27 48 33 
14 15 86 
33 32 8 
68 4 42 
62 73 96 
77 86 19 
74 64 39 
99 92 77 
27 100 7 
29 66 50 
50 3 76 
92 69 44 
76 82 1 
41 91 39 
4 51 57 
2 76 49 
34 28 69 
12 88 84 
74 8 68 
15 18 3 
82 35 67 
17 3 81 
59 5 70 
33 22 11 
22 33 58 
90 47 16 
57 53 18 
59 73 68 
78 26 21 
36 93 66 
76 36 67 
29 65 68 
30 2 74 
52 62 50 
5 23 71 
49 66 81 
38 30 45 
23 14 69 
3 14 41 
45 30 70 
62 29 67 
85 49 60 
34 2 26 
36 82 40 
41 21 51 
87 34 84 
45 80 79 
10 31 20 
52 38 42 
47 83 72 
71 5 16 
15 74 17 
89 42 70 
1 29 28 
78 70 58 
19 92 37 
50 31 65 
41 91 44 
18 14 36 
63 22 37 
52 43 62 
14 90 68 
92 55 20 
97 11 78 
41 36 91 
22 60 45 
26 61 82 
92 60 39 
16 22 18 
36 34 77 
16 69 31 
70 31 1 
98 31 4 
56 59 61 
90 51 35 
26 51 17 
33 45 41 
15 4 64 
65 89 82 
98 22 93 
28 21 10 
38 60 76 
33 18 9 
6 69 26 
11 51 3 
61 90 76 
17 67 64 
74 24 58 
78 74 6 
45 99 26 
43 66 74 
52 66 29 
99 57 37 
8 83 72 
57 82 98 
74 46 72 
77 95 4 
5 58 56 
76 54 65 
23 32 97 
59 93 22 
1 72 79 
32 51 18 
45 79 19 
3 33 94 
13 17 44 
30 36 47 
5 14 76 
25 10 3 
60 46 95 
51 49 58 
72 38 57 
72 49 9 
93 21 2 
5 6 91 
9 77 34 
44 53 36 
14 62 79 
27 21 7 
44 73 76 
18 67 80 
73 97 90 
1 100 34 
36 83 79 
90 50 12 
18 40 97 
52 5 8 
11 98 69 
12 2 6 
71 44 24 
23 55 92 
97 33 5 
7 66 82 
68 94 89 
63 93 83 
34 19 59 
88 20 16 
69 98 64 
34 39 5 
11 78 50 
16 7 48 
88 91 98 
57 54 32 
65 49 95 
46 4 58 
73 17 99 
25 36 10 
31 30 96 
5 56 74 
89 25 61 
95 44 85 
83 100 22 
34 99 100 
30 81 15 
64 18 49 
97 72 38 
47 45 70 
56 1 66 
24 72 78 
86 81 11 
75 89 79 
64 45 8 
40 28 35 
15 88 90 
71 95 65 
22 18 55 
16 11 46 
93 84 49 
4 82 9 
79 55 66 
44 10 35 
36 58 79 
2 49 14 
14 85 23 
78 81 96 
33 59 9 
16 91 100 
34 17 25 
55 6 43 
95 82 24 
71 15 22 
17 48 16 
67 39 18 
28 48 8 
32 45 30 
80 19 85 
69 61 65 
75 99 22 
43 2 80 
73 10 44 
93 86 47 
77 91 85 
20 25 50 
53 87 52 
87 97 28 
66 29 67 
38 50 93 
71 98 17 
3 34 33 
47 78 44 
42 70 7 
29 99 12 
6 9 44 
91 79 52 
73 14 43 
14 45 28 
8 21 13 
94 25 6 
52 28 49 
37 82 12 
11 8 92 
7 1 20 
93 86 85 
33 65 38 
28 38 8 
15 61 22 
66 71 48 
7 4 85 
47 71 80 
87 19 41 
20 63 89 
20 95 17 
26 81 43 
62 53 49 
58 91 48 
95 90 20 
29 42 98 
33 46 89 
62 18 97 
47 8 63 
11 29 24 
83 35 46 
15 16 11 
73 82 52 
77 48 75 
38 30 48 
28 24 74 
77 74 24 
98 4 84 
40 15 94 
9 79 10 
94 96 29 
55 88 47 
64 93 47 
33 25 68 
99 21 55 
90 91 7 
83 29 47 
64 70 6 
41 39 60 
93 22 96 
39 56 57 
47 24 66 
42 7 54 
33 75 15 
25 21 10 
44 89 11 
67 24 23 
45 49 57 
99 60 22 
44 56 65 
52 2 41 
52 54 51 
88 19 77 
32 97 91 
74 81 52 
57 70 50 
43 62 78 
88 76 41 
53 13 14 
8 3 7 
11 72 2 
60 50 90 
69 27 59 
2 100 30 
65 93 28 
39 36 79 
95 25 55 
61 58 34 
22 14 89 
93 41 24 
80 82 3 
56 80 98 
93 50 12 
29 36 4 
10 8 16 
97 7 35 
96 97 45 
25 51 43 
19 99 33 
33 21 51 
90 51 38 
60 66 2 
74 54 85 
68 2 85 
43 71 79 
65 72 88 
8 89 16 
89 6 91 
26 57 72 
73 74 45 
49 70 61 
4 54 28 
90 37 97 
50 17 30 
4 62 36 
21 97 4 
27 12 100 
7 19 40 
2 16 6 
40 10 9 
26 81 33 
92 68 19 
90 53 85 
90 15 23 
59 88 95 
29 14 89 
22 64 75 
18 24 60 
14 59 61 
29 15 77 
20 40 59 
87 46 81 
32 29 51 
5 22 32 
72 41 34 
33 39 22 
86 37 5 
62 71 57 
88 29 68 
98 45 40 
38 37 91 
96 63 50 
80 73 1 
37 94 50 
10 69 84 
97 98 88 
24 5 65 
74 67 42 
57 8 53 
9 15 53 
16 35 63 
99 85 10 
48 31 53 
39 98 79 
14 49 97 
36 66 63 
21 50 97 
75 89 20 
96 14 82 
31 24 62 
88 35 94 
22 71 91 
99 55 4 
26 8 98 
76 56 74 
43 1 42 
45 38 51 
35 77 39 
12 90 62 
79 24 59 
7 17 32 
16 12 92 
53 88 22 
92 12 58 
15 48 68 
12 62 76 
15 70 82 
87 6 96 
77 100 8 
100 10 65 
31 25 38 
6 13 47 
1 69 28 
100 42 91 
9 47 73 
19 40 52 
26 25 80 
87 79 47 
44 92 8 
35 78 91 
58 67 75 
32 84 79 
77 61 66 
26 1 80 
37 7 74 
12 32 33 
55 91 48 
10 19 1 
27 11 74 
40 35 69 
61 43 10 
26 42 6 
86 92 19 
49 30 96 
41 67 60 
21 64 92 
2 57 37 
63 35 27 
49 64 84 
57 15 40 
3 24 50 
16 70 52 
98 89 62 
97 25 23 
98 72 96 
23 98 76 
79 68 99 
93 49 27 
95 30 37 
84 29 48 
73 47 4 
37 66 44 
49 85 73 
7 6 37 
61 26 60 
10 73 11 
37 77 31 
57 62 92 
58 27 77 
92 14 56 
90 29 33 
84 12 68 
85 89 90 
58 60 4 
62 1 9 
37 58 99 
41 12 88 
8 13 27 
69 14 95 
53 91 87 
88 24 75 
69 58 87 
37 33 62 
98 89 68 
68 59 6 
94 71 69 
2 82 40 
63 36 38 
52 61 92 
35 56 44 
18 8 48 
64 39 27 
58 25 96 
20 79 37 
74 54 4 
87 42 24 
42 94 32 
61 43 16 
95 82 79 
93 89 36 
8 69 50 
58 16 28 
68 10 66 
81 18 63 
50 33 1 
49 17 69 
90 96 76 
91 39 82 
17 59 26 
86 51 11 
24 76 16 
15 5 16 
26 69 16 
62 86 69 
57 82 76 
72 12 31 
24 71 100 
20 85 77 
88 78 53 
26 96 31 
1 20 6 
95 40 93 
43 51 28 
7 20 16 
49 5 96 
75 52 56 
77 20 99 
46 29 87 
27 31 21 
8 59 28 
69 93 20 
55 43 71 
25 100 38 
74 8 69 
64 24 37 
76 73 1 
52 80 10 
89 55 37 
40 55 74 
66 5 4 
24 21 99 
97 22 80 
6 95 19 
18 73 35 
59 87 8 
72 54 40 
57 47 22 
68 99 11 
6 60 40 
72 38 99 
25 73 6 
4 42 28 
16 52 64 
29 70 82 
16 11 69 
77 74 56 
81 35 71 
32 9 78 
93 35 97 
82 48 100 
38 45 35 
62 33 57 
89 62 15 
64 37 42 
37 97 96 
66 71 77 
7 80 17 
38 29 45 
52 15 70 
47 5 10 
97 17 79 
88 5 71 
26 53 71 
83 58 67 
49 1 70 
3 7 12 
50 33 39 
89 47 51 
20 61 79 
91 71 45 
49 21 77 
75 58 29 
51 49 10 
8 81 47 
3 24 25 
15 99 100 
40 26 16 
72 47 82 
38 94 24 
45 66 92 
25 42 26 
44 10 18 
13 68 16 
34 57 6 
36 65 41 
53 37 60 
19 69 78 
25 84 39 
12 37 39 
5 36 58 
94 60 54 
4 76 42 
21 29 25 
13 67 84 
24 55 65 
94 32 73 
77 85 63 
24 27 58 
28 4 12 
92 97 59 
42 40 56 
78 69 75 
43 67 83 
1 27 87 
54 33 14 
58 78 24 
84 41 94 
87 78 30 
22 84 83 
53 76 50 
93 25 38 
81 67 60 
20 96 57 
38 86 65 
84 4 56 
37 30 96 
40 9 2 
14 7 83 
42 89 9 
25 62 27 
72 24 86 
70 54 86 
87 97 67 
19 42 26 
18 66 46 
63 95 14 
81 72 63 
100 95 92 
29 84 76 
44 63 73 
78 66 40 
25 19 8 
53 63 24 
70 9 23 
98 50 30 
62 54 59 
76 41 75 
63 18 39 
9 13 27 
81 58 18 
76 6 72 
10 91 56 
39 62 100 
100 49 95 
72 41 59 
52 28 94 
64 40 11 
79 20 72 
73 85 43 
11 73 34 
65 64 49 
95 76 93 
12 31 1 
75 67 36 
85 30 49 
19 3 68 
74 46 32 
72 42 29 
57 28 44 
43 39 54 
78 80 76 
34 7 29 
25 42 35 
95 46 2 
18 7 93 
19 82 80 
18 13 43 
25 94 42 
80 24 68 
62 90 55 
96 71 33 
78 67 100 
37 34 19 
29 97 61 
98 21 80 
22 29 18 
73 51 39 
74 69 33 
1 30 20 
20 6 48 
83 33 88 
9 6 46 
35 78 20 
49 70 16 
52 12 40 
40 19 13 
76 82 70 
30 14 85 
40 28 26 
13 96 29 
29 9 31 
3 25 91 
98 81 62 
70 71 20 
30 4 75 
86 88 17 
87 85 100 
77 12 67 
10 89 93 
20 10 73 
13 43 95 
23 44 93 
32 96 17 
4 51 35 
5 23 38 
46 38 22 
66 99 9 
74 60 46 
62 45 97 
22 89 10 
27 92 87 
41 34 82 
24 31 70 
82 63 43 
76 92 74 
95 11 45 
40 30 27 
1 32 94 
54 87 48 
42 12 77 
45 60 75 
29 7 83 
49 21 75 
2 92 18 
33 59 27 
95 90 61 
88 51 62 
98 57 33 
25 84 30 
9 36 21 
46 44 51 
50 34 78 
94 90 96 
76 46 89 
85 42 28 
95 51 13 
36 75 5 
79 95 16 
10 90 1 
58 77 59 
31 52 55 
18 30 90 
10 8 85 
66 99 37 
7 66 43 
31 34 12 
22 57 98 
99 48 92 
52 20 70 
44 14 42 
86 8 88 
72 56 45 
55 46 14 
76 19 81 
98 37 42 
86 6 5 
56 29 24 
29 3 85 
87 41 32 
10 84 87 
25 100 39 
43 89 14 
33 96 22 
93 6 29 
13 67 69 
37 1 81 
46 31 56 
91 25 2 
27 5 75 
14 51 29 
20 46 93 
46 29 91 
19 28 47 
100 56 23 
33 84 74 
27 65 7 
9 50 92 
50 75 44 
33 31 9 
43 51 12 
11 100 32 
28 57 27 
30 100 18 
86 4 21 
44 96 9 
88 71 33 
19 90 73 
68 72 70 
17 11 55 
1 42 63 
96 56 97 
16 11 35 
73 39 62 
59 55 93 
42 82 41 
21 65 81 
4 81 86 
54 87 59 
47 7 62 
34 48 90 
38 70 66 
76 100 25 
90 62 82 
5 8 28 
59 6 58 
46 94 38 
9 36 44 
89 94 34 
29 24 34 
87 84 94 
25 78 58 
62 14 53 
83 93 50 
40 53 44 
36 75 11 
27 45 72 
23 3 45 
89 2 52 
76 63 35 
17 20 15 
3 13 78 
65 41 71 
32 33 43 
13 39 47 
68 40 60 
16 63 99 
88 31 64 
54 87 55 
5 23 86 
23 82 1 
34 66 54 
38 43 95 
75 61 54 
43 31 79 
19 42 38 
12 64 20 
31 46 68 
7 84 32 
68 39 49 
100 96 25 
49 59 98 
72 82 35 
76 5 10 
94 41 77 
51 94 86 
8 94 55 
71 49 19 
61 7 52 
36 62 2 
73 61 16 
63 82 81 
5 42 6 
6 64 19 
16 24 32 
67 87 44 
18 68 19 
71 90 42 
63 35 26 
15 54 97 
99 49 48 
100 24 67 
15 95 12 
41 75 80 
69 60 87 
65 61 72 
3 20 18 
10 35 15 
22 21 49 
88 92 90 
4 35 1 
13 23 26 
49 58 22 
38 20 76 
85 74 91 
21 81 9 
54 82 74 
74 68 81 
26 54 48 
67 11 19 
18 42 5 
72 93 13 
85 8 46 
76 84 33 
18 62 69 
6 42 16 
94 49 72 
25 28 26 
6 9 69 
8 4 29 
5 78 44 
54 76 3 
8 24 100 
100 25 61 
28 85 78 
15 54 24 
8 5 98 
2 57 99 
27 12 42 
77 5 76 
63 66 38 
49 70 46 
39 66 77 
99 63 18 
21 38 87 
19 66 64 
34 88 52 
39 27 91 
94 52 68 
47 50 38 
29 31 58 
78 29 30 
54 32 22 
91 80 13 
56 16 3 
81 36 68 
66 22 95 
90 3 92 
44 38 5 
74 46 4 
34 56 55 
96 71 31 
34 15 1 
64 43 67 
31 51 89 
76 83 90 
49 21 31 
74 68 59 
14 95 78 
24 6 65 
21 29 8 
76 35 74 
66 92 78 
26 5 46 
41 20 53 
86 31 34 
14 63 51 
74 3 68 
90 30 88 
21 26 77 
46 38 31 
50 19 66 
27 80 46 
51 14 96 
98 55 23 
92 22 56 
37 12 45 
86 91 21 
93 97 20 
64 21 55 
75 65 72 
78 66 61 
36 92 24 
64 66 78 
69 81 95 
58 20 67 
32 25 21 
77 86 35 
36 75 96 
95 31 45 
23 46 36 
80 34 71 
28 62 16 
7 2 19 
75 90 4 
58 70 66 
19 26 91 
33 36 32 
48 2 12 
71 25 86 
3 78 49 
28 5 29 
4 96 37 
41 4 58 
100 93 58 
76 75 61 
10 97 24 
83 92 7 
25 58 79 
10 73 97 
13 41 59 
91 46 70 
73 63 18 
37 4 26 
64 49 35 
51 98 62 
65 42 62 
94 52 80 
72 50 37 
49 54 73 
25 15 38 
32 19 24 
66 72 14 
84 60 6 
30 1 62 
12 50 51 
4 48 83 
15 39 71 
53 78 21 
62 1 59 
19 5 72 
51 68 76 
7 36 44 
11 28 72 
4 69 51 
58 86 23 
88 65 14 
10 70 44 
59 94 33 
22 94 84 
95 87 23 
14 4 2 
100 90 38 
36 76 38 
3 9 34 
100 56 43 
67 25 9 
49 30 45 
43 67 89 
30 59 32 
65 1 99 
75 36 61 
98 93 8 
31 54 35 
9 14 90 
17 36 49 
87 31 79 
37 30 25 
64 39 59 
7 62 20 
16 68 30 
1 95 8 
24 30 86 
60 27 26 
3 59 73 
93 21 57 
30 23 81 
90 23 36 
52 18 87 
63 58 71 
63 87 36 
71 41 30 
78 65 85 
14 31 32 
76 67 16 
47 65 36 
85 34 5 
65 36 95 
20 94 82 
58 78 9 
20 82 77 
63 71 29 
89 67 18 
80 18 59 
2 36 50 
2 23 93 
49 23 32 
90 51 10 
54 63 75 
1 64 23 
94 27 69 
18 83 72 
68 95 64 
91 64 60 
61 91 24 
17 72 6 
21 60 81 
76 91 87 
58 91 47 
20 23 18 
1 36 43 
60 6 71 
97 9 51 
37 70 84 
14 99 77 
91 16 83 
43 65 21 
72 33 45 
53 97 84 
77 26 84 
47 67 64 
