5000
44 39 8 
82 41 42 
82 27 25 
5 19 21 
5 66 4 
5 33 27 
70 62 73 
69 73 14 
29 16 8 
34 8 91 
68 92 80 
86 73 53 
6 97 62 
83 78 47 
92 99 48 
100 33 54 
3 98 94 
59 64 98 
98 48 74 
68 50 3 
28 93 62 
17 51 57 
8 12 86 
14 38 83 
33 37 21 
90 84 20 
77 38 80 
59 41 13 
16 10 8 
20 82 77 
22 33 2 
87 31 57 
54 14 97 
76 42 49 
70 58 78 
59 24 15 
62 7 47 
46 56 87 
18 34 5 
15 90 65 
74 25 18 
3 44 89 
91 47 58 
23 25 97 
30 31 52 
70 81 5 
54 72 93 
97 7 20 
44 3 50 
31 3 8 
8 25 36 
57 72 25 
4 10 47 
21 97 50 
59 83 10 
65 49 46 
91 27 60 
32 23 66 
41 19 48 
25 95 55 
26 3 56 
97 67 5 
73 25 6 
57 33 98 
27 69 94 
100 50 14 
41 44 46 
34 15 42 
12 7 51 
19 40 46 
9 74 96 
100 45 37 
3 31 54 
47 70 90 
40 60 4 
55 5 21 
22 10 62 
57 4 51 
38 90 94 
46 19 50 
53 95 35 
23 27 71 
38 44 88 
85 14 19 
67 20 12 
60 41 73 
92 9 87 
72 23 42 
84 80 16 
87 16 63 
23 8 63 
40 71 87 
3 65 69 
89 75 79 
27 7 100 
43 51 96 
88 23 52 
61 10 43 
35 26 51 
85 87 84 
13 14 21 
43 94 20 
72 28 4 
16 80 30 
43 83 67 
5 4 42 
45 96 82 
12 96 15 
84 37 33 
74 34 33 
62 41 24 
100 16 91 
23 55 100 
79 94 75 
45 8 60 
17 56 76 
28 70 38 
60 97 62 
33 15 53 
86 69 62 
74 6 19 
66 74 20 
20 15 26 
50 93 12 
44 36 39 
72 12 31 
72 76 38 
11 72 47 
25 78 20 
84 97 53 
29 7 51 
94 72 49 
70 64 84 
50 85 39 
56 57 36 
4 48 100 
66 69 11 
8 38 79 
27 11 100 
95 100 17 
40 14 34 
44 98 34 
82 25 24 
73 9 76 
97 71 50 
34 28 45 
42 46 49 
39 40 89 
73 14 43 
99 10 26 
50 15 90 
10 80 76 
47 74 86 
4 34 73 
28 87 23 
98 69 64 
35 38 83 
64 85 28 
8 37 24 
68 40 10 
80 91 19 
41 32 2 
97 99 40 
46 74 72 
41 16 1 
85 19 75 
15 56 17 
59 33 16 
54 32 22 
75 50 44 
55 11 17 
37 11 12 
74 5 19 
13 85 66 
46 20 93 
90 13 11 
2 99 90 
75 16 88 
19 34 74 
72 100 16 
87 59 36 
49 35 8 
55 99 63 
93 71 36 
67 79 76 
5 65 31 
10 67 94 
68 17 79 
69 49 2 
35 99 64 
32 80 73 
18 17 16 
10 1 80 
31 98 83 
23 34 22 
44 70 51 
95 78 14 
65 84 1 
59 28 8 
6 8 90 
35 4 51 
97 20 39 
68 4 49 
80 52 10 
95 32 89 
81 15 30 
35 55 81 
39 84 74 
89 94 68 
39 56 23 
28 27 20 
77 40 53 
34 90 39 
51 25 99 
77 78 62 
100 38 25 
43 19 66 
86 24 72 
19 70 32 
60 81 56 
64 83 63 
28 85 48 
77 54 65 
12 65 30 
62 36 2 
64 23 16 
53 71 3 
3 94 40 
76 56 62 
79 82 95 
38 54 41 
89 33 46 
85 19 80 
77 66 39 
1 98 55 
54 33 14 
33 27 67 
30 43 99 
10 25 3 
23 26 30 
97 99 42 
32 99 59 
64 41 44 
35 34 53 
66 43 74 
43 45 27 
64 42 37 
22 24 74 
42 62 65 
5 13 32 
77 31 50 
64 68 6 
16 85 68 
52 39 25 
97 20 74 
51 49 36 
49 84 64 
88 20 69 
63 72 18 
17 66 22 
23 74 62 
60 5 57 
57 85 66 
53 18 57 
27 55 80 
43 96 25 
86 46 79 
67 64 43 
72 88 65 
39 42 38 
36 22 90 
38 67 93 
10 57 91 
26 53 31 
71 21 13 
78 96 35 
66 29 52 
57 72 38 
28 97 87 
12 63 88 
75 44 24 
83 88 9 
85 4 7 
68 2 37 
7 88 39 
60 47 27 
87 28 71 
47 32 9 
29 97 51 
6 15 82 
92 8 24 
96 31 71 
76 61 17 
36 78 14 
79 45 59 
22 48 13 
74 2 30 
71 15 11 
50 55 87 
38 34 53 
53 61 23 
66 81 84 
27 24 60 
55 45 18 
73 47 4 
59 40 20 
99 82 65 
27 65 7 
29 27 13 
22 35 75 
88 1 99 
32 72 57 
23 18 81 
74 55 4 
78 44 5 
64 9 45 
64 93 53 
43 93 46 
24 66 46 
73 27 48 
1 99 55 
29 75 20 
68 78 86 
56 43 100 
23 5 79 
97 90 73 
30 54 44 
8 48 35 
24 91 73 
91 13 50 
29 89 75 
97 62 66 
99 100 15 
65 35 100 
81 36 45 
88 32 57 
6 21 31 
78 63 84 
11 46 59 
4 42 68 
1 67 48 
71 83 33 
93 77 72 
82 54 47 
41 63 30 
87 20 73 
59 73 68 
100 30 2 
20 42 59 
24 12 66 
28 43 51 
39 54 31 
65 100 10 
79 88 3 
91 55 14 
68 4 27 
81 39 30 
40 9 2 
93 24 29 
32 40 75 
16 43 61 
72 71 89 
24 5 42 
62 53 34 
84 88 5 
11 48 44 
99 47 13 
80 47 8 
1 81 8 
72 45 73 
87 58 69 
31 27 69 
16 18 59 
66 68 46 
79 50 33 
52 67 86 
76 96 63 
26 33 30 
97 66 1 
2 8 54 
55 63 16 
49 15 18 
94 89 87 
2 30 39 
60 3 90 
83 41 34 
70 41 56 
37 14 2 
31 40 68 
51 15 83 
40 21 16 
80 97 13 
39 90 32 
96 57 20 
44 93 23 
67 84 70 
46 10 67 
35 22 4 
30 35 84 
7 70 23 
2 78 21 
75 97 62 
57 61 59 
92 5 18 
94 66 47 
71 78 14 
87 22 97 
90 93 44 
19 52 79 
69 45 15 
22 18 16 
82 98 77 
32 94 1 
58 11 83 
52 68 94 
39 31 60 
69 24 80 
62 98 39 
60 99 87 
57 26 10 
26 63 71 
64 45 83 
8 84 62 
41 11 15 
18 58 81 
38 42 81 
70 75 74 
18 93 44 
9 61 75 
79 60 58 
20 15 17 
74 11 23 
85 16 10 
58 66 70 
81 26 33 
62 27 58 
70 28 61 
68 40 100 
25 65 28 
66 79 9 
26 62 14 
97 48 40 
54 61 7 
60 14 49 
93 40 95 
51 39 34 
69 19 40 
62 18 38 
71 79 43 
66 13 83 
37 86 27 
28 53 22 
46 90 47 
2 25 57 
37 98 42 
35 76 100 
35 76 36 
32 7 91 
6 7 20 
94 91 85 
91 68 17 
82 16 91 
62 33 60 
5 48 19 
42 78 95 
87 60 69 
52 68 29 
58 27 72 
45 66 22 
39 100 62 
77 84 95 
41 48 74 
74 81 68 
93 99 61 
7 12 1 
28 94 18 
72 73 60 
20 64 46 
10 16 73 
87 10 57 
24 46 15 
68 22 23 
41 3 12 
98 80 27 
47 19 28 
89 41 80 
29 19 1 
38 54 66 
6 28 90 
80 10 57 
10 73 50 
90 68 15 
38 73 52 
70 53 18 
57 28 61 
70 23 82 
95 43 38 
34 84 60 
21 28 10 
53 17 55 
35 70 49 
27 62 79 
41 28 45 
6 10 36 
6 74 12 
31 22 25 
6 29 93 
93 95 76 
25 65 17 
75 17 35 
78 37 80 
15 22 41 
12 7 88 
93 23 2 
82 40 2 
68 92 17 
46 71 59 
12 88 84 
26 6 42 
83 41 16 
67 9 25 
5 4 24 
83 75 26 
70 88 100 
81 11 29 
35 34 10 
30 66 16 
63 99 18 
79 23 91 
9 65 71 
57 46 31 
19 31 39 
92 87 65 
6 27 35 
95 42 76 
39 60 6 
18 28 4 
76 96 4 
99 83 13 
61 100 91 
7 24 64 
12 49 100 
92 87 27 
97 41 96 
14 33 28 
5 38 23 
17 4 12 
85 22 81 
3 42 73 
80 92 4 
8 63 19 
29 2 38 
37 96 4 
35 33 50 
69 42 75 
19 100 97 
18 99 3 
33 94 3 
84 96 30 
10 32 17 
27 31 44 
72 82 47 
46 17 86 
17 87 46 
99 20 77 
64 51 99 
83 22 33 
51 46 44 
63 47 85 
15 17 29 
86 35 68 
21 7 27 
71 70 92 
22 18 34 
35 33 4 
46 25 72 
30 27 63 
86 8 88 
98 70 3 
87 59 1 
28 6 70 
67 10 85 
17 81 71 
68 2 85 
60 6 49 
45 74 73 
17 51 35 
93 98 8 
94 53 65 
99 37 26 
74 26 1 
26 71 53 
30 78 87 
60 95 41 
51 63 36 
27 64 66 
26 57 66 
21 7 3 
68 84 7 
6 9 59 
68 8 74 
67 13 69 
28 26 9 
17 70 86 
50 15 2 
98 15 9 
88 55 47 
29 12 88 
52 64 14 
73 82 61 
22 94 74 
36 30 1 
66 1 56 
89 97 5 
37 63 22 
45 8 98 
93 83 63 
68 85 50 
84 95 92 
73 76 5 
25 78 74 
15 24 97 
1 44 76 
75 43 28 
47 9 58 
46 37 18 
41 34 66 
70 56 78 
69 56 34 
26 2 34 
80 6 35 
47 21 20 
86 84 97 
65 47 73 
6 32 43 
11 28 72 
14 77 98 
34 62 94 
65 28 93 
31 22 17 
52 49 61 
20 62 7 
33 59 96 
20 79 72 
53 21 49 
46 86 40 
3 98 49 
33 50 1 
56 59 5 
77 59 58 
52 23 13 
46 47 80 
89 14 19 
25 32 13 
2 24 57 
82 3 80 
64 39 16 
20 71 31 
70 80 65 
81 94 62 
99 86 71 
1 61 52 
73 35 18 
84 13 59 
72 14 40 
97 72 38 
47 39 3 
76 97 14 
62 90 55 
17 43 6 
54 45 59 
36 27 38 
58 67 47 
28 24 60 
24 96 75 
36 78 33 
80 46 9 
16 48 14 
40 37 15 
8 9 19 
46 35 61 
91 20 70 
46 12 54 
59 97 33 
76 84 71 
13 93 58 
43 32 5 
85 65 78 
14 65 88 
85 42 28 
8 24 7 
26 43 77 
43 54 45 
95 40 31 
61 29 100 
67 73 38 
78 81 72 
56 85 59 
75 34 15 
54 98 24 
68 82 73 
66 64 4 
51 80 90 
46 53 37 
59 33 27 
82 6 19 
93 18 7 
71 95 43 
73 23 22 
12 6 26 
41 94 84 
77 83 99 
31 49 68 
32 49 82 
54 11 68 
61 40 13 
72 18 84 
20 18 3 
67 22 28 
51 48 30 
33 22 58 
79 22 50 
5 54 44 
63 40 61 
45 60 77 
65 49 95 
27 42 39 
93 80 63 
1 68 71 
56 84 100 
76 28 77 
3 12 7 
49 85 60 
57 29 27 
53 100 93 
44 98 40 
53 83 52 
5 27 36 
59 19 82 
51 47 48 
74 55 40 
100 53 26 
99 9 18 
79 10 94 
40 90 97 
74 24 16 
44 1 47 
19 87 41 
75 24 88 
29 80 13 
58 56 5 
58 85 64 
49 63 7 
94 72 40 
95 79 59 
82 96 14 
55 21 31 
1 8 50 
87 39 74 
39 94 29 
67 11 27 
43 54 39 
12 48 2 
76 62 80 
72 6 20 
28 12 27 
31 33 21 
100 46 42 
46 22 38 
97 98 88 
17 3 62 
67 7 75 
66 45 92 
42 54 7 
8 92 66 
26 42 92 
41 22 93 
12 77 42 
81 43 16 
51 73 39 
86 98 84 
7 45 35 
68 33 44 
79 37 49 
36 61 62 
40 13 17 
85 21 25 
70 22 82 
81 47 12 
56 77 86 
8 96 14 
73 57 79 
19 82 100 
38 42 18 
12 56 10 
5 25 41 
93 29 79 
41 89 71 
89 39 42 
44 79 99 
10 76 5 
14 42 44 
63 29 99 
65 12 90 
31 82 85 
82 22 32 
62 4 34 
41 91 39 
28 69 1 
2 91 39 
46 23 30 
85 34 5 
65 89 57 
38 56 17 
43 62 77 
8 58 65 
98 76 50 
35 43 88 
85 3 26 
33 84 74 
9 22 95 
12 28 11 
83 7 29 
100 25 76 
53 73 43 
16 70 7 
73 3 31 
97 14 49 
84 4 56 
68 38 82 
10 85 99 
92 8 53 
97 22 17 
99 27 67 
39 29 53 
13 16 68 
78 15 51 
89 29 33 
73 40 16 
91 34 68 
66 99 9 
77 91 15 
49 13 1 
77 27 58 
42 66 6 
93 81 80 
11 25 1 
81 31 39 
14 11 45 
41 36 67 
8 98 48 
100 67 79 
62 73 17 
74 81 67 
26 69 16 
93 3 2 
11 38 1 
57 7 24 
85 16 46 
29 66 4 
16 82 63 
89 94 9 
22 35 59 
55 34 86 
16 19 44 
88 65 34 
5 41 47 
29 30 59 
36 17 11 
75 13 62 
73 31 23 
96 68 41 
95 65 75 
20 12 58 
64 31 36 
18 60 24 
46 61 44 
24 8 100 
32 61 88 
68 26 8 
87 54 59 
60 17 51 
31 33 74 
55 7 42 
96 56 61 
47 10 21 
99 27 2 
9 51 92 
29 4 8 
99 49 73 
36 2 50 
88 47 29 
79 56 8 
16 33 95 
31 90 97 
49 8 90 
9 29 31 
43 54 66 
43 13 67 
25 13 62 
37 40 75 
79 36 58 
64 47 93 
43 78 75 
39 16 78 
37 38 89 
99 38 39 
38 76 13 
86 15 14 
85 43 4 
17 79 74 
29 28 21 
36 47 65 
45 10 60 
49 3 90 
26 91 19 
26 17 60 
91 95 46 
5 24 44 
75 95 91 
91 61 24 
60 67 46 
47 33 38 
67 100 24 
98 40 65 
46 44 27 
12 88 23 
70 38 88 
100 88 86 
16 63 36 
16 48 17 
68 9 37 
14 70 13 
3 37 33 
62 35 53 
94 90 55 
57 52 93 
7 1 75 
65 25 75 
5 94 84 
68 51 76 
92 90 3 
4 75 68 
90 25 91 
83 80 6 
68 79 59 
65 49 3 
99 21 5 
34 31 86 
100 11 32 
89 13 8 
64 4 15 
37 24 45 
90 53 80 
44 33 34 
98 68 1 
45 51 91 
90 4 75 
12 26 3 
79 53 60 
85 68 78 
34 64 96 
83 17 46 
64 84 66 
29 78 36 
67 36 81 
52 64 40 
38 33 77 
27 50 44 
24 39 15 
80 22 97 
58 99 97 
29 10 94 
77 91 85 
16 11 4 
1 7 44 
27 58 91 
39 25 54 
29 64 98 
34 18 58 
36 46 78 
12 72 59 
35 78 29 
11 45 95 
11 59 53 
51 40 41 
33 14 69 
54 55 87 
16 64 46 
26 97 50 
66 35 61 
38 35 48 
84 16 1 
30 98 50 
85 43 36 
60 44 99 
97 47 43 
77 38 56 
33 83 58 
21 40 73 
76 27 38 
34 45 81 
24 96 78 
30 12 37 
65 94 77 
84 87 89 
37 12 77 
2 9 6 
31 21 27 
92 83 7 
34 99 89 
52 1 3 
90 26 79 
49 19 72 
19 98 89 
62 90 10 
78 97 11 
97 100 62 
49 52 58 
52 7 83 
37 14 5 
52 95 49 
84 53 16 
22 64 78 
71 65 95 
21 49 75 
73 20 10 
29 16 48 
92 64 93 
23 21 22 
92 24 23 
64 99 57 
95 30 21 
69 21 56 
72 70 68 
26 17 51 
37 4 60 
23 9 16 
18 43 17 
76 84 33 
19 35 97 
52 24 42 
17 62 9 
19 78 8 
8 5 14 
7 2 15 
83 50 91 
63 73 18 
50 9 58 
65 62 56 
32 78 8 
61 67 63 
53 51 11 
22 18 27 
100 64 86 
51 53 78 
37 14 70 
32 33 43 
11 79 66 
30 21 38 
42 63 9 
88 4 47 
22 19 17 
91 68 15 
42 58 40 
62 40 21 
71 35 68 
3 5 47 
13 81 70 
98 19 2 
97 32 41 
40 66 14 
7 38 23 
75 80 41 
39 77 35 
5 52 91 
70 5 59 
9 46 6 
72 35 19 
11 27 40 
11 16 35 
54 6 33 
47 35 4 
72 41 34 
11 96 82 
69 82 31 
2 41 52 
45 48 68 
49 59 69 
18 95 51 
49 50 17 
40 35 8 
9 33 18 
29 78 69 
30 45 20 
67 64 89 
76 62 12 
97 35 93 
5 50 36 
57 6 51 
22 51 8 
70 36 53 
82 4 9 
68 18 10 
87 30 65 
24 59 79 
78 4 66 
66 70 99 
16 17 90 
30 75 16 
61 76 90 
27 42 95 
41 50 49 
79 16 61 
52 77 93 
50 3 24 
19 33 99 
96 44 99 
42 70 7 
73 2 94 
76 94 67 
80 15 61 
96 6 50 
51 32 38 
52 16 93 
78 58 56 
57 71 37 
37 95 56 
60 96 77 
85 39 87 
13 26 23 
47 21 12 
76 44 64 
43 52 62 
69 17 62 
21 77 26 
4 98 84 
62 89 15 
2 42 33 
89 1 80 
30 17 50 
25 87 8 
5 38 7 
94 59 63 
62 95 57 
59 73 3 
22 42 61 
85 53 90 
39 35 78 
31 18 27 
44 15 48 
67 8 4 
92 27 88 
89 82 34 
16 48 7 
8 74 73 
48 84 70 
29 96 3 
25 17 70 
25 38 31 
52 81 74 
93 66 79 
89 85 36 
95 92 100 
41 22 5 
4 46 74 
60 86 35 
83 70 88 
97 24 10 
61 4 71 
57 36 21 
22 55 66 
86 35 96 
6 32 98 
76 48 25 
71 100 24 
58 90 39 
34 19 37 
39 67 56 
91 66 26 
26 61 60 
80 51 60 
48 23 93 
50 53 79 
78 50 3 
2 3 67 
66 80 65 
36 72 52 
88 54 11 
37 17 9 
52 7 61 
30 88 36 
31 18 16 
84 11 26 
47 35 66 
89 50 8 
74 36 100 
33 93 64 
29 86 54 
91 54 43 
97 5 3 
49 80 62 
18 64 65 
62 28 89 
42 44 78 
1 39 46 
92 54 5 
1 7 2 
45 68 55 
23 59 88 
4 94 33 
83 62 78 
70 59 12 
98 71 17 
52 92 61 
35 1 4 
86 78 18 
26 28 40 
84 14 27 
19 48 24 
97 7 26 
70 20 52 
25 97 79 
87 98 63 
89 86 88 
70 90 88 
100 14 90 
79 3 44 
78 45 64 
53 59 3 
9 71 57 
98 82 99 
24 63 3 
71 94 76 
47 19 17 
33 68 65 
44 10 3 
57 2 34 
49 13 32 
90 10 1 
82 54 88 
82 59 91 
4 66 45 
42 75 68 
80 13 91 
19 91 87 
83 39 28 
55 83 24 
84 83 20 
54 34 25 
73 14 32 
30 96 37 
8 77 100 
11 16 18 
19 1 14 
50 90 58 
100 37 3 
10 87 11 
21 94 84 
97 71 48 
31 9 33 
19 4 79 
54 27 9 
13 71 46 
16 2 60 
71 2 69 
4 12 90 
32 18 71 
2 8 23 
24 7 46 
58 26 52 
2 52 89 
8 42 30 
82 87 63 
46 31 38 
31 56 46 
47 38 5 
27 52 44 
27 32 47 
43 20 96 
29 10 2 
15 47 43 
30 5 58 
99 45 26 
94 78 91 
40 34 87 
62 45 97 
46 47 4 
40 4 41 
11 98 56 
73 1 76 
49 1 70 
83 79 41 
14 1 15 
26 20 37 
21 86 49 
64 3 100 
36 71 30 
81 15 55 
10 94 8 
62 22 84 
68 39 49 
54 40 72 
93 84 27 
87 71 31 
14 62 31 
84 34 87 
42 50 7 
33 77 95 
74 44 97 
22 19 18 
63 6 73 
51 37 52 
7 3 8 
74 54 82 
3 9 90 
90 48 77 
85 36 98 
91 53 54 
17 1 9 
62 49 100 
90 73 76 
3 14 41 
10 43 64 
24 43 7 
41 54 24 
72 10 6 
46 53 7 
76 94 9 
23 99 66 
77 84 26 
92 39 31 
89 14 22 
41 48 24 
51 31 43 
35 77 86 
60 61 3 
14 95 65 
4 39 13 
35 59 84 
1 35 73 
44 93 33 
76 1 39 
85 96 19 
88 12 41 
41 22 1 
44 73 58 
36 14 45 
29 37 62 
85 77 63 
33 41 29 
98 4 31 
82 10 44 
33 53 42 
23 5 27 
62 50 52 
59 5 95 
85 33 12 
81 32 27 
6 43 55 
60 80 98 
42 33 44 
72 70 15 
51 97 9 
3 67 41 
35 86 99 
70 82 68 
97 46 100 
87 13 75 
44 7 60 
7 34 29 
77 19 88 
85 77 20 
89 45 22 
43 28 98 
28 58 16 
43 30 14 
61 81 40 
13 83 85 
35 36 46 
3 63 38 
36 87 10 
81 17 58 
74 49 53 
78 37 88 
16 6 2 
8 39 17 
32 12 33 
12 50 42 
20 93 64 
68 20 34 
54 48 26 
97 9 93 
29 15 37 
35 46 83 
34 100 62 
96 72 98 
91 95 13 
95 6 38 
51 56 70 
83 49 96 
39 15 58 
57 21 83 
41 19 21 
41 21 48 
51 90 10 
26 1 76 
33 96 22 
52 5 34 
25 96 45 
22 98 53 
20 37 79 
69 92 44 
81 91 23 
23 16 87 
62 93 61 
94 66 8 
47 13 39 
81 23 59 
25 98 89 
100 42 91 
48 6 56 
9 3 99 
21 76 90 
79 31 36 
48 52 79 
28 49 78 
45 95 93 
16 58 45 
12 87 29 
61 22 43 
36 38 30 
23 97 89 
45 56 28 
86 94 51 
65 45 14 
61 19 21 
27 97 62 
46 53 6 
6 12 2 
93 37 80 
54 86 15 
90 23 15 
92 55 20 
71 80 34 
40 93 13 
7 19 40 
91 71 45 
95 84 49 
25 81 67 
95 2 46 
15 68 61 
69 35 52 
94 38 59 
39 8 78 
35 63 27 
68 51 7 
93 88 9 
62 60 18 
9 1 62 
83 35 3 
57 46 40 
56 91 73 
80 15 33 
16 82 83 
41 94 77 
15 34 1 
14 21 35 
54 55 43 
86 7 20 
12 20 52 
76 7 91 
18 96 86 
94 59 50 
96 70 30 
43 96 92 
29 92 74 
57 45 6 
40 24 8 
10 7 26 
63 11 83 
37 48 76 
67 13 75 
20 90 53 
98 77 71 
21 85 92 
66 54 46 
60 46 21 
38 81 82 
53 65 90 
68 29 92 
18 30 100 
76 25 64 
76 45 81 
93 21 2 
15 80 6 
44 31 22 
53 88 93 
10 22 44 
6 88 1 
62 98 88 
40 9 21 
85 81 80 
20 89 63 
35 76 1 
56 71 98 
70 65 17 
71 15 22 
71 21 82 
13 17 67 
32 94 73 
39 38 21 
41 43 76 
68 84 31 
50 56 11 
20 8 79 
25 94 39 
12 13 20 
97 9 14 
91 100 87 
39 27 91 
66 83 48 
60 8 89 
6 61 66 
76 45 46 
20 29 100 
43 30 16 
58 12 92 
88 90 15 
36 21 9 
71 67 18 
64 67 13 
36 31 8 
66 99 37 
40 21 45 
51 56 21 
42 81 79 
42 98 27 
85 14 30 
12 21 57 
51 99 32 
93 84 81 
51 12 43 
4 80 90 
25 20 32 
46 4 34 
9 13 30 
96 29 94 
61 16 73 
47 20 98 
52 64 55 
75 61 88 
29 87 46 
8 50 74 
11 40 57 
34 38 28 
18 56 51 
9 69 6 
26 34 54 
46 81 60 
28 48 38 
86 27 14 
44 66 37 
85 9 98 
19 83 73 
44 12 53 
89 62 98 
2 26 21 
100 50 47 
88 2 55 
71 58 63 
70 42 74 
84 7 3 
60 81 86 
32 41 74 
33 77 14 
1 32 99 
46 18 66 
79 15 59 
37 93 38 
54 10 22 
52 14 7 
64 2 28 
93 8 34 
15 45 11 
2 43 25 
31 45 24 
36 42 85 
43 48 37 
12 88 92 
51 39 24 
91 55 48 
65 33 52 
82 37 87 
29 11 24 
64 21 72 
52 67 37 
84 82 49 
74 24 77 
35 89 92 
80 61 10 
88 30 90 
92 96 51 
89 6 91 
45 58 15 
20 2 39 
13 27 8 
86 4 79 
54 80 84 
27 41 100 
64 6 19 
80 56 49 
5 26 44 
17 15 70 
74 54 76 
57 99 37 
94 46 91 
41 81 71 
97 66 35 
23 70 9 
28 25 80 
84 57 94 
68 7 8 
55 79 66 
44 40 53 
26 42 82 
22 48 79 
7 26 83 
67 75 33 
44 5 56 
16 90 85 
99 75 22 
85 80 9 
33 89 76 
53 91 85 
68 81 75 
25 65 16 
79 56 53 
100 4 34 
73 17 43 
26 33 98 
2 100 25 
76 78 42 
20 51 8 
6 38 35 
77 82 34 
15 18 30 
46 43 56 
62 39 73 
17 52 79 
32 46 84 
29 80 98 
16 89 93 
37 5 86 
62 49 45 
70 44 93 
50 19 56 
78 2 65 
91 46 70 
56 57 39 
26 56 4 
28 4 38 
62 50 14 
61 12 4 
17 20 95 
97 23 66 
49 66 40 
80 58 49 
75 45 39 
75 45 60 
89 52 87 
36 14 76 
25 27 8 
85 50 82 
78 52 8 
14 68 90 
32 33 36 
62 93 19 
89 80 46 
17 70 45 
59 78 72 
15 34 36 
75 36 11 
2 26 81 
72 100 74 
13 28 54 
1 79 29 
22 46 5 
82 80 48 
84 87 4 
98 16 29 
44 31 50 
70 45 88 
19 69 98 
100 83 60 
3 9 52 
64 1 86 
96 62 52 
36 9 54 
12 22 31 
12 72 54 
66 38 68 
61 66 77 
69 57 3 
52 12 61 
36 33 17 
89 8 16 
89 85 74 
31 78 32 
89 45 52 
7 26 1 
97 46 70 
91 71 22 
59 25 31 
98 27 77 
90 82 45 
2 46 6 
41 60 9 
55 2 98 
18 7 3 
32 37 26 
29 60 23 
51 33 66 
97 11 5 
2 16 30 
17 88 85 
10 8 70 
59 67 40 
46 85 30 
40 60 69 
13 57 53 
93 71 33 
74 22 15 
57 51 2 
83 27 2 
3 54 76 
25 21 32 
54 70 86 
84 33 34 
90 71 27 
78 76 80 
19 40 92 
67 73 6 
33 48 80 
38 45 35 
55 41 19 
67 85 30 
67 95 28 
89 11 88 
85 94 55 
92 19 37 
64 92 3 
19 69 26 
10 28 36 
74 54 4 
53 98 27 
69 43 74 
95 12 31 
12 63 33 
54 28 4 
65 81 21 
64 26 79 
88 62 51 
21 81 9 
78 11 57 
58 100 93 
50 19 5 
9 7 66 
63 14 95 
9 34 29 
59 35 19 
81 7 38 
25 39 84 
80 39 18 
32 28 96 
32 100 60 
37 35 94 
2 16 72 
31 9 66 
9 46 25 
71 66 48 
3 21 31 
4 37 26 
14 72 69 
38 89 95 
52 28 64 
26 72 57 
89 98 57 
61 7 67 
90 74 68 
25 34 17 
4 34 75 
59 66 70 
3 74 86 
20 71 45 
61 79 71 
63 18 81 
93 47 86 
65 16 40 
45 30 70 
49 61 70 
14 76 5 
19 81 76 
52 42 63 
65 14 86 
64 53 79 
46 7 47 
2 20 40 
61 100 66 
95 81 31 
59 31 48 
90 76 11 
40 45 89 
53 4 51 
15 82 68 
17 33 62 
68 2 100 
94 53 58 
73 25 92 
41 4 58 
20 60 77 
54 29 13 
2 18 92 
30 10 33 
44 56 35 
62 49 53 
51 93 7 
68 88 80 
27 18 78 
22 32 5 
76 80 28 
32 14 79 
91 60 2 
26 42 97 
14 93 56 
64 40 86 
24 58 27 
67 83 89 
22 13 39 
92 36 53 
67 68 63 
27 58 20 
92 83 84 
43 41 20 
14 48 12 
29 17 53 
44 42 5 
58 23 86 
4 3 34 
63 92 13 
60 3 50 
91 50 25 
55 77 71 
64 26 93 
99 78 3 
35 58 7 
14 63 24 
73 84 33 
80 55 46 
45 66 24 
70 92 24 
79 88 66 
16 32 25 
60 74 13 
62 71 20 
49 8 21 
26 100 62 
72 83 18 
84 15 53 
28 63 4 
71 35 81 
80 14 52 
8 18 49 
37 77 30 
70 46 66 
55 59 63 
80 82 84 
40 27 30 
75 88 23 
88 99 9 
20 6 48 
74 40 4 
22 95 66 
72 66 77 
7 81 95 
44 38 5 
36 95 65 
89 22 40 
62 33 37 
80 48 51 
21 41 51 
7 78 6 
12 14 36 
39 2 60 
19 33 57 
62 10 35 
71 81 89 
73 47 30 
97 64 65 
11 53 33 
68 87 80 
78 24 58 
89 43 30 
23 24 67 
53 28 51 
14 75 12 
1 79 12 
27 10 88 
67 3 72 
8 78 85 
12 96 10 
26 46 5 
62 12 90 
74 29 10 
26 62 80 
7 32 17 
6 42 5 
76 1 82 
29 25 21 
47 48 27 
76 79 54 
21 93 57 
96 100 40 
59 61 56 
8 71 58 
32 56 81 
96 56 38 
69 95 23 
49 73 54 
36 58 17 
9 24 19 
92 38 49 
11 27 74 
38 24 94 
78 12 60 
64 86 4 
39 5 34 
40 33 36 
53 14 95 
78 66 51 
27 41 75 
27 32 10 
11 18 30 
46 3 42 
78 52 50 
22 83 84 
63 61 43 
4 95 56 
88 48 42 
30 37 8 
84 11 82 
47 1 32 
87 88 41 
37 87 43 
10 89 93 
94 91 86 
90 5 35 
14 48 73 
18 23 31 
58 92 21 
12 76 18 
6 37 62 
25 11 43 
39 32 63 
21 49 77 
73 7 36 
39 10 87 
38 94 14 
25 4 65 
80 62 40 
60 72 93 
44 63 33 
90 91 7 
9 12 22 
6 43 75 
11 25 89 
64 28 84 
42 98 29 
82 12 37 
55 22 39 
29 100 7 
100 9 83 
30 32 7 
24 47 76 
31 21 24 
97 99 27 
15 77 75 
31 15 69 
41 39 60 
86 7 4 
51 33 49 
7 19 74 
9 47 73 
59 17 33 
91 96 57 
54 17 59 
13 43 95 
91 98 5 
49 46 71 
22 41 69 
23 52 75 
30 96 85 
26 6 45 
35 31 13 
94 53 32 
86 90 42 
2 24 47 
75 54 61 
24 78 40 
59 42 19 
22 1 14 
65 2 90 
85 19 3 
13 30 59 
96 33 71 
24 55 65 
49 17 63 
30 48 38 
56 98 49 
16 20 84 
76 81 51 
2 27 71 
86 88 52 
41 27 87 
38 58 9 
51 39 3 
28 99 57 
42 49 75 
69 76 83 
35 53 43 
4 5 36 
50 34 95 
27 45 69 
63 39 98 
74 92 76 
25 34 13 
80 49 61 
75 36 96 
50 20 25 
41 6 31 
47 33 10 
30 38 14 
26 28 29 
13 11 100 
66 55 57 
92 71 85 
13 58 18 
73 76 44 
99 9 84 
34 67 55 
64 11 43 
11 41 37 
59 95 49 
98 9 75 
75 37 92 
84 16 27 
22 1 24 
19 44 64 
63 97 37 
87 75 3 
83 2 29 
12 60 23 
49 87 29 
6 7 37 
38 75 68 
79 62 31 
86 16 90 
56 47 85 
57 99 10 
74 89 2 
27 5 75 
62 89 11 
38 39 89 
75 88 55 
29 32 39 
66 63 27 
56 13 90 
27 80 23 
46 64 26 
71 95 52 
19 1 10 
88 43 47 
80 41 31 
86 94 85 
41 72 69 
55 92 67 
47 38 93 
61 97 35 
31 82 72 
73 70 83 
42 77 33 
84 22 37 
63 20 60 
60 67 29 
19 71 37 
35 28 18 
37 42 13 
74 24 1 
72 3 17 
94 33 59 
31 77 100 
95 24 82 
57 28 44 
4 86 56 
4 10 72 
1 57 76 
20 12 11 
84 15 41 
3 48 21 
19 45 65 
22 11 33 
78 84 71 
80 1 97 
70 74 95 
33 66 15 
24 80 68 
47 31 15 
75 2 49 
45 71 24 
3 74 68 
6 58 15 
81 80 35 
21 23 97 
5 45 97 
2 48 42 
34 100 99 
12 40 52 
69 51 41 
26 2 28 
44 89 72 
12 8 27 
29 39 65 
21 88 13 
57 45 49 
72 48 82 
20 7 1 
31 5 16 
92 22 56 
70 69 84 
1 38 2 
53 91 87 
74 33 75 
86 14 68 
46 2 41 
49 81 66 
80 48 49 
54 65 76 
5 42 31 
76 79 75 
34 41 82 
1 97 78 
17 62 5 
4 59 58 
57 53 8 
58 73 45 
68 10 35 
72 71 24 
76 83 90 
10 80 4 
13 3 80 
40 94 1 
66 59 46 
100 1 34 
90 79 66 
31 94 81 
43 4 58 
28 85 62 
25 87 16 
7 41 40 
48 61 56 
7 27 86 
45 56 43 
64 27 39 
78 21 53 
7 39 5 
77 91 53 
35 45 18 
36 19 16 
3 8 32 
25 27 46 
99 71 14 
67 27 85 
43 66 39 
57 98 82 
74 7 91 
91 70 42 
81 97 10 
21 80 8 
36 12 90 
18 43 85 
69 78 75 
35 54 75 
8 21 99 
18 96 91 
5 32 26 
63 36 83 
20 12 15 
44 36 53 
71 15 16 
98 64 73 
78 43 52 
26 13 77 
69 84 9 
54 59 40 
81 96 37 
21 9 32 
8 58 62 
61 41 67 
92 36 24 
14 100 11 
98 71 80 
26 6 69 
31 27 25 
39 91 82 
41 11 96 
5 26 20 
13 53 5 
10 84 69 
15 97 87 
25 30 84 
4 26 93 
63 61 68 
49 36 42 
70 89 42 
94 49 34 
56 9 68 
66 92 78 
75 34 94 
23 48 20 
71 23 5 
44 73 63 
95 1 8 
48 42 64 
14 38 21 
63 25 67 
35 78 27 
47 82 62 
50 84 76 
20 17 33 
60 45 22 
47 64 67 
60 99 22 
65 37 24 
62 61 48 
80 53 59 
7 53 18 
70 84 37 
76 96 90 
74 5 24 
27 46 13 
49 45 98 
66 72 14 
41 93 24 
31 26 96 
12 15 64 
99 11 68 
10 70 44 
52 72 61 
51 45 30 
79 62 14 
78 31 94 
22 93 66 
93 85 12 
69 61 9 
64 31 20 
94 58 15 
62 54 59 
68 93 90 
15 13 88 
56 28 73 
20 45 69 
2 66 98 
16 87 37 
39 48 75 
64 6 99 
65 79 17 
31 29 58 
16 94 40 
55 18 22 
62 98 51 
88 68 29 
17 100 68 
62 51 21 
20 6 1 
82 56 79 
59 30 32 
31 22 51 
79 44 94 
25 42 82 
75 89 49 
3 88 40 
26 79 68 
57 44 19 
80 36 55 
86 23 91 
3 19 68 
65 80 8 
98 9 65 
24 65 27 
12 72 44 
69 56 26 
41 96 25 
15 48 68 
13 15 30 
61 72 97 
37 96 97 
5 50 78 
48 77 75 
19 76 8 
74 53 84 
13 96 29 
21 1 25 
49 72 38 
25 91 31 
79 37 16 
39 54 100 
14 66 29 
62 84 44 
75 48 33 
78 81 12 
79 25 58 
13 39 19 
38 25 93 
86 98 48 
22 18 25 
43 59 75 
86 81 11 
98 22 69 
5 81 72 
13 39 82 
43 10 86 
94 98 29 
96 58 70 
49 30 85 
1 38 84 
80 46 38 
66 95 64 
72 27 29 
8 37 83 
64 12 20 
59 89 62 
80 59 18 
61 24 13 
10 42 16 
33 8 62 
24 16 76 
25 17 80 
75 93 92 
89 10 22 
15 4 79 
65 61 72 
92 91 75 
33 38 35 
76 84 29 
44 97 78 
5 8 85 
13 52 58 
82 79 70 
97 71 1 
44 72 69 
15 51 54 
79 19 45 
53 63 50 
14 10 63 
71 25 93 
5 82 69 
25 91 38 
26 36 73 
21 20 11 
37 31 77 
18 43 68 
63 90 39 
100 44 26 
57 2 99 
49 95 63 
61 85 62 
26 25 80 
49 93 53 
13 80 69 
16 15 5 
39 30 4 
89 12 48 
3 50 37 
42 96 37 
8 96 7 
87 88 95 
43 11 33 
28 48 29 
46 37 40 
78 44 47 
24 32 22 
66 55 26 
25 4 27 
36 81 70 
66 64 19 
80 87 46 
97 68 57 
22 60 43 
31 24 62 
56 59 52 
48 87 23 
30 98 45 
4 48 45 
25 39 17 
83 2 41 
84 32 7 
24 56 29 
58 98 45 
8 22 35 
63 26 100 
27 33 2 
27 26 60 
14 27 46 
81 20 29 
25 40 84 
26 25 42 
58 97 86 
28 38 8 
57 40 15 
3 7 20 
75 12 43 
20 88 16 
88 69 99 
57 9 36 
92 48 20 
74 92 5 
12 79 68 
73 29 38 
11 88 14 
84 9 46 
16 90 47 
63 81 82 
79 38 7 
76 82 57 
14 8 25 
89 38 20 
49 9 34 
54 26 22 
80 54 32 
97 44 17 
82 15 87 
73 77 71 
53 44 63 
45 96 97 
22 33 39 
18 13 1 
59 93 55 
51 44 18 
32 51 29 
53 55 35 
85 33 88 
99 100 48 
5 78 37 
71 43 70 
91 29 46 
18 43 16 
41 16 25 
14 65 11 
99 27 46 
26 59 80 
62 74 96 
72 34 3 
32 27 56 
15 25 4 
20 12 88 
41 2 8 
47 50 26 
62 36 37 
65 82 74 
3 19 40 
18 83 63 
29 98 58 
62 68 17 
67 19 3 
97 66 44 
5 58 36 
21 91 86 
49 26 44 
45 80 79 
47 48 32 
96 16 62 
69 34 83 
3 26 15 
65 59 54 
76 2 44 
51 38 45 
9 34 3 
14 45 1 
85 31 84 
64 10 17 
6 60 40 
62 25 49 
67 12 75 
33 47 62 
68 80 4 
8 86 93 
81 74 80 
15 85 49 
90 58 73 
12 99 48 
66 10 68 
79 87 47 
50 76 73 
45 95 49 
80 44 46 
22 35 93 
53 87 52 
69 8 50 
13 60 42 
65 46 64 
82 17 45 
62 82 43 
86 16 91 
28 70 7 
18 10 32 
39 23 71 
27 72 87 
17 67 40 
44 40 34 
43 50 4 
89 44 11 
62 100 29 
30 78 39 
92 31 90 
65 10 74 
66 52 40 
58 26 97 
60 1 97 
66 37 69 
60 92 39 
78 62 25 
44 2 10 
21 51 33 
34 50 78 
31 11 77 
28 69 98 
45 57 96 
90 37 71 
9 96 19 
8 63 47 
77 33 65 
83 15 18 
69 7 82 
88 43 13 
79 1 40 
35 33 91 
9 2 10 
51 55 74 
9 45 8 
16 19 49 
85 33 18 
27 62 25 
5 37 34 
49 62 63 
34 22 71 
88 48 59 
85 78 28 
85 40 79 
66 63 36 
37 66 77 
97 36 98 
21 77 2 
77 5 52 
43 84 77 
42 25 56 
95 76 72 
3 38 84 
31 34 93 
43 45 88 
85 74 91 
19 14 91 
83 16 91 
5 28 29 
60 55 100 
71 89 1 
44 18 10 
59 82 77 
95 58 78 
10 87 84 
75 91 27 
75 79 63 
63 89 6 
35 52 48 
45 84 76 
13 20 40 
88 55 49 
14 95 69 
60 82 36 
86 10 6 
27 48 7 
93 66 29 
62 56 35 
90 7 1 
63 74 96 
79 8 96 
22 63 69 
19 66 50 
74 78 8 
70 82 29 
96 22 68 
61 17 100 
65 35 8 
85 96 44 
48 51 77 
71 18 83 
40 53 74 
90 61 95 
12 33 64 
21 10 88 
93 86 85 
71 72 90 
63 95 15 
49 45 33 
11 81 93 
21 62 66 
95 47 35 
36 12 56 
49 72 9 
22 38 15 
83 7 14 
22 83 100 
74 20 54 
33 48 43 
47 66 32 
34 63 76 
46 34 87 
69 27 59 
55 40 21 
33 15 86 
34 16 65 
19 75 26 
8 85 55 
12 16 55 
94 92 14 
73 39 11 
86 9 84 
26 87 27 
27 80 29 
32 26 63 
79 54 40 
97 27 35 
47 6 13 
4 15 55 
27 93 49 
62 47 98 
36 24 22 
83 29 47 
96 17 63 
7 26 6 
28 44 43 
4 13 9 
90 71 31 
70 1 85 
23 60 70 
60 74 46 
13 59 57 
91 51 37 
89 51 15 
61 43 71 
65 43 21 
69 95 3 
1 95 54 
2 45 21 
60 4 58 
78 97 10 
97 37 90 
5 34 49 
70 82 58 
91 93 11 
25 6 94 
56 72 45 
12 77 8 
93 98 26 
66 72 52 
36 48 51 
51 58 29 
3 42 55 
68 36 81 
86 94 26 
60 6 71 
98 100 95 
80 62 12 
16 31 100 
12 4 99 
86 23 5 
76 32 49 
71 22 17 
59 9 33 
92 96 23 
67 31 84 
22 8 19 
17 56 77 
92 17 33 
27 28 81 
48 61 28 
75 64 96 
55 25 21 
77 56 9 
80 31 55 
8 26 98 
64 14 92 
56 100 35 
28 26 25 
100 36 55 
5 16 71 
14 11 62 
89 79 57 
55 72 21 
55 67 14 
30 55 74 
1 58 12 
57 27 28 
5 71 54 
80 27 46 
91 50 1 
86 87 64 
25 34 64 
40 67 23 
63 75 54 
64 30 31 
1 51 62 
53 64 2 
42 71 58 
30 80 9 
37 75 65 
100 42 23 
75 2 89 
18 36 69 
49 70 16 
8 10 36 
16 51 13 
46 9 30 
83 78 75 
98 21 79 
83 33 88 
72 81 63 
63 75 2 
79 84 100 
86 98 42 
94 54 60 
14 3 42 
61 100 16 
86 81 65 
86 70 25 
15 27 23 
12 97 57 
42 6 45 
42 29 91 
30 45 39 
41 87 32 
67 5 23 
36 14 18 
95 83 21 
70 15 100 
27 51 74 
89 47 51 
87 48 70 
78 48 8 
23 58 14 
56 76 74 
75 41 91 
79 61 20 
51 90 38 
43 71 1 
38 52 42 
8 67 77 
57 23 83 
18 65 21 
19 61 57 
72 32 13 
29 48 84 
90 27 83 
47 85 37 
78 81 20 
49 35 64 
49 39 34 
89 33 13 
81 18 45 
67 13 84 
13 94 24 
98 6 66 
41 67 60 
69 15 42 
29 75 83 
63 99 16 
27 8 32 
30 86 37 
13 78 3 
70 62 66 
29 99 97 
3 51 11 
93 59 67 
37 72 50 
89 81 64 
33 91 39 
86 1 75 
98 67 28 
78 77 91 
1 65 24 
30 45 32 
80 91 47 
44 40 90 
31 22 13 
27 42 12 
76 41 9 
99 25 44 
47 23 18 
24 30 86 
11 46 79 
82 87 22 
46 50 33 
40 90 51 
2 9 44 
72 54 74 
71 89 3 
67 82 35 
57 20 2 
78 43 7 
83 94 52 
90 2 74 
32 75 8 
35 15 45 
68 18 4 
70 11 89 
69 73 90 
14 30 100 
31 22 7 
19 81 63 
25 20 43 
47 28 66 
12 64 59 
4 91 1 
75 94 55 
25 91 28 
22 96 75 
11 35 44 
67 97 89 
57 92 97 
45 98 40 
37 33 41 
55 99 93 
88 97 64 
4 33 64 
9 96 44 
14 61 59 
66 62 58 
36 2 78 
47 67 42 
72 44 77 
26 91 28 
77 40 42 
15 89 67 
54 2 83 
70 27 62 
36 66 93 
23 11 48 
56 38 55 
65 23 47 
89 85 90 
41 36 91 
11 88 16 
92 86 19 
57 22 47 
53 50 15 
36 63 22 
50 90 12 
46 61 76 
68 46 31 
91 4 65 
82 10 7 
28 34 7 
13 88 93 
14 45 41 
31 35 47 
32 77 1 
21 8 56 
49 24 99 
2 14 18 
80 27 39 
58 41 52 
91 21 53 
20 67 71 
16 90 88 
9 42 89 
21 93 66 
62 16 81 
88 94 35 
86 6 72 
54 14 56 
52 64 16 
7 96 82 
81 55 1 
37 11 54 
51 64 26 
74 41 36 
24 51 19 
74 77 6 
54 52 51 
51 22 39 
98 5 8 
24 89 64 
81 32 59 
47 83 72 
55 23 73 
73 77 43 
48 52 13 
31 29 25 
33 38 84 
74 82 9 
19 67 61 
47 26 29 
91 45 31 
32 94 34 
70 81 24 
10 28 52 
53 28 48 
85 8 46 
71 77 87 
47 50 27 
63 14 61 
65 89 14 
6 32 67 
60 15 64 
26 96 20 
78 14 56 
66 8 56 
38 74 68 
13 94 80 
10 2 11 
58 10 74 
36 61 75 
16 72 68 
36 75 67 
26 82 67 
52 79 95 
14 16 55 
57 2 37 
97 98 40 
25 71 86 
70 88 84 
10 67 55 
38 65 69 
93 14 28 
26 35 74 
54 33 9 
72 19 10 
76 32 84 
89 48 44 
47 5 14 
22 15 16 
76 24 51 
70 47 80 
12 48 39 
97 23 12 
4 86 50 
69 84 77 
97 91 32 
56 29 71 
70 78 11 
73 10 44 
82 2 1 
25 31 34 
77 70 33 
28 53 60 
92 81 93 
35 23 26 
57 85 10 
96 16 49 
69 43 2 
50 58 30 
86 72 48 
20 59 56 
2 14 4 
75 20 35 
12 4 26 
7 9 17 
33 39 100 
7 68 90 
16 58 27 
16 48 37 
58 64 10 
21 70 37 
22 89 59 
55 13 24 
63 34 89 
42 66 86 
61 11 37 
74 100 66 
79 20 49 
24 88 37 
20 60 36 
12 48 8 
24 25 44 
71 88 33 
55 86 19 
62 36 4 
36 35 67 
14 53 62 
85 29 72 
17 76 3 
99 46 28 
100 77 29 
85 54 74 
74 4 29 
49 30 45 
19 27 72 
51 75 87 
78 63 29 
61 54 89 
52 97 79 
60 50 90 
29 71 11 
69 74 33 
27 78 4 
31 70 1 
43 40 21 
14 23 85 
52 40 19 
68 51 83 
45 80 69 
72 26 18 
49 4 12 
95 84 76 
19 41 35 
93 33 74 
59 27 30 
44 64 66 
30 28 88 
66 93 12 
76 22 82 
59 88 95 
96 61 70 
21 17 81 
14 77 99 
20 50 88 
4 25 67 
8 88 30 
14 15 22 
61 83 18 
68 15 25 
31 70 24 
96 36 95 
44 56 65 
14 4 15 
56 86 93 
11 8 25 
26 21 78 
72 54 70 
23 55 92 
75 61 94 
64 8 19 
57 100 91 
79 91 52 
14 24 97 
37 46 65 
49 12 25 
50 21 10 
90 24 93 
41 84 90 
20 53 41 
88 62 6 
75 50 77 
38 90 100 
22 96 17 
26 43 99 
7 67 60 
1 81 79 
44 10 35 
85 87 43 
34 40 57 
82 23 1 
26 4 91 
89 34 48 
45 73 87 
57 19 36 
51 7 85 
98 1 34 
71 67 45 
96 41 98 
58 25 64 
89 15 84 
2 12 97 
75 59 50 
32 64 66 
1 24 15 
24 4 3 
76 39 35 
19 32 24 
30 81 99 
47 23 72 
27 38 39 
48 58 91 
48 67 60 
57 3 26 
32 79 84 
21 1 7 
69 83 84 
93 69 20 
47 45 70 
52 33 97 
27 65 28 
8 100 21 
19 87 37 
70 78 54 
71 83 70 
80 2 43 
80 41 43 
14 51 96 
25 87 45 
13 88 75 
9 14 90 
98 69 11 
15 24 98 
64 13 80 
71 22 89 
8 47 99 
61 2 25 
41 78 25 
92 77 99 
95 87 35 
56 97 46 
59 41 72 
80 91 84 
78 12 91 
21 88 93 
47 29 37 
44 49 80 
51 13 95 
32 90 42 
47 4 7 
71 69 92 
95 16 45 
7 3 100 
78 90 100 
47 81 68 
29 42 99 
99 72 64 
34 12 31 
3 22 47 
2 77 87 
17 1 32 
68 17 36 
49 4 46 
9 78 32 
33 55 82 
50 18 5 
29 94 15 
49 16 46 
21 58 32 
18 30 90 
88 99 6 
62 57 92 
73 92 7 
89 34 94 
46 33 6 
95 46 27 
84 40 42 
21 14 66 
65 45 29 
38 9 50 
84 7 94 
94 68 43 
33 86 63 
4 15 93 
5 61 51 
42 45 30 
8 25 19 
17 9 38 
6 25 64 
100 28 87 
17 68 98 
90 80 18 
3 63 76 
11 47 57 
7 99 15 
35 40 69 
36 70 99 
77 89 2 
82 11 15 
96 93 8 
90 23 21 
10 2 94 
50 97 22 
27 72 45 
95 35 18 
75 40 26 
24 33 39 
29 65 97 
1 25 73 
3 50 76 
97 33 5 
35 16 42 
30 4 75 
11 58 44 
3 15 71 
32 94 29 
2 9 55 
13 72 93 
17 53 4 
19 53 40 
61 10 4 
42 78 34 
64 73 12 
37 80 100 
40 53 80 
18 42 5 
65 28 53 
57 90 94 
68 76 46 
66 85 69 
12 76 25 
65 80 58 
69 80 90 
64 96 81 
54 47 36 
55 77 74 
50 8 14 
91 93 42 
23 27 81 
78 45 80 
55 60 75 
23 18 20 
39 85 93 
5 48 34 
35 3 24 
29 18 22 
49 87 35 
47 30 16 
69 81 95 
81 1 37 
81 11 39 
16 12 88 
30 36 47 
25 100 96 
61 24 17 
68 30 16 
92 89 100 
97 62 91 
49 63 51 
57 39 50 
99 86 30 
4 99 55 
59 16 99 
40 72 68 
31 32 28 
99 72 80 
87 35 78 
61 22 15 
42 58 51 
55 67 13 
82 27 57 
78 40 66 
42 86 95 
74 37 97 
10 49 51 
55 56 84 
76 64 40 
40 53 7 
6 8 41 
69 63 78 
23 35 74 
36 34 13 
23 1 66 
17 39 3 
70 54 40 
16 48 27 
95 23 87 
65 50 31 
22 80 24 
17 45 38 
32 50 96 
19 24 74 
18 87 38 
8 4 10 
97 18 40 
18 8 69 
1 80 26 
55 46 14 
86 76 5 
42 81 84 
41 35 87 
100 87 34 
33 86 55 
79 46 81 
49 64 65 
50 57 58 
45 8 93 
7 16 20 
56 80 98 
38 93 50 
86 38 75 
31 51 78 
18 36 44 
75 29 58 
22 57 65 
81 48 28 
99 6 77 
19 98 55 
48 24 90 
45 46 49 
54 49 8 
65 64 93 
19 34 59 
55 19 93 
39 81 70 
25 2 91 
59 29 100 
36 62 76 
66 3 53 
34 35 72 
50 12 63 
10 73 97 
23 45 44 
43 10 45 
15 78 71 
50 17 85 
14 54 80 
52 18 87 
39 50 91 
49 95 43 
41 72 58 
9 36 64 
89 1 31 
21 78 29 
66 46 85 
28 88 72 
33 38 65 
94 34 95 
20 94 44 
21 25 81 
61 37 27 
10 63 48 
49 63 21 
78 88 53 
44 71 24 
44 10 23 
21 82 63 
97 23 1 
10 34 22 
97 9 13 
74 6 78 
18 23 67 
43 22 26 
2 77 22 
77 67 68 
55 23 98 
79 80 22 
85 1 27 
61 100 25 
22 42 13 
92 8 5 
30 86 48 
92 83 95 
78 9 58 
18 64 49 
55 5 83 
44 4 8 
87 91 69 
77 8 92 
98 7 39 
26 42 19 
11 48 29 
25 27 54 
23 9 58 
51 37 50 
59 43 4 
25 96 20 
38 66 70 
53 71 86 
31 17 66 
5 10 47 
40 35 36 
98 74 59 
83 32 44 
22 81 61 
96 50 38 
61 82 26 
95 9 41 
72 3 43 
43 84 75 
10 49 60 
23 69 31 
100 87 22 
51 49 86 
6 34 57 
92 45 81 
56 74 5 
59 49 98 
49 10 37 
41 29 53 
6 48 54 
2 14 49 
88 14 40 
67 31 15 
69 44 48 
31 77 33 
53 61 55 
52 95 18 
50 40 73 
80 17 96 
82 14 11 
31 51 89 
99 38 72 
8 28 5 
57 49 82 
19 45 5 
34 78 72 
50 53 76 
6 68 59 
49 95 1 
16 52 70 
66 52 62 
43 12 71 
81 45 51 
99 16 80 
16 20 68 
99 18 78 
64 55 100 
88 53 22 
100 23 56 
64 40 11 
90 71 42 
66 78 64 
5 91 6 
63 58 12 
36 88 71 
59 25 29 
51 61 66 
43 48 38 
8 96 46 
36 59 53 
66 24 95 
100 37 75 
26 68 87 
7 87 32 
75 47 9 
38 63 66 
55 22 25 
86 77 28 
81 46 87 
94 46 100 
15 94 40 
81 10 58 
89 55 88 
29 33 10 
30 26 15 
73 27 31 
18 11 43 
92 30 35 
23 52 81 
39 42 80 
58 48 72 
52 85 37 
79 43 31 
17 26 59 
70 55 31 
99 23 11 
7 62 23 
8 83 72 
5 80 71 
31 14 37 
78 39 62 
69 31 65 
1 65 78 
90 51 84 
62 14 36 
44 63 5 
90 19 71 
66 60 3 
41 91 44 
90 29 33 
71 65 61 
72 35 82 
4 62 5 
86 21 4 
95 44 85 
61 35 95 
78 51 61 
43 38 44 
38 21 60 
84 58 20 
77 66 6 
75 23 49 
62 12 92 
37 45 12 
13 16 86 
64 79 47 
70 83 1 
17 45 74 
100 36 47 
100 19 89 
42 14 78 
25 15 38 
12 64 71 
47 24 66 
70 82 15 
64 52 65 
58 17 99 
49 21 22 
34 52 88 
11 46 16 
22 10 65 
86 1 73 
36 78 34 
7 74 90 
44 64 59 
91 62 20 
51 90 35 
13 25 2 
97 23 32 
4 29 31 
89 21 43 
18 15 69 
58 20 67 
19 97 78 
37 81 92 
93 77 16 
10 45 34 
100 34 48 
95 19 6 
1 67 51 
72 25 2 
3 14 57 
100 80 55 
32 4 75 
71 64 73 
91 51 5 
65 35 17 
46 95 60 
36 15 16 
64 24 37 
97 24 12 
5 34 75 
53 80 62 
85 96 74 
56 13 95 
56 90 31 
62 37 11 
85 38 20 
86 94 64 
46 36 23 
33 56 45 
97 56 96 
83 5 20 
25 8 100 
75 43 34 
18 8 63 
4 91 19 
12 77 72 
36 76 69 
14 28 85 
82 81 41 
4 12 19 
43 1 36 
27 61 57 
90 57 96 
31 48 53 
100 84 82 
31 32 14 
16 15 11 
35 56 28 
67 36 76 
17 39 13 
40 53 60 
58 90 56 
57 38 40 
45 72 33 
53 48 49 
28 52 49 
37 39 61 
31 97 81 
36 7 30 
88 40 25 
60 53 37 
64 23 43 
97 47 30 
56 90 64 
96 94 90 
48 47 64 
67 75 10 
35 30 38 
92 23 9 
76 44 23 
17 80 7 
2 72 57 
90 62 82 
22 23 36 
92 88 90 
73 5 21 
3 1 4 
21 75 27 
63 10 61 
85 12 15 
23 10 26 
16 14 46 
60 68 22 
55 43 71 
54 15 24 
67 29 66 
41 45 65 
7 14 10 
65 100 43 
83 30 20 
28 85 54 
57 93 13 
20 96 79 
19 17 12 
69 75 85 
90 72 50 
27 80 75 
7 73 60 
24 15 26 
49 86 8 
39 85 70 
40 48 78 
99 82 57 
10 66 24 
3 75 21 
12 4 43 
49 22 58 
24 48 22 
99 79 30 
58 55 92 
72 64 73 
49 58 39 
55 80 77 
40 43 64 
50 68 71 
19 3 33 
68 22 43 
68 12 84 
24 58 94 
51 29 49 
99 70 63 
75 89 20 
68 19 18 
93 34 17 
51 100 96 
25 39 59 
87 75 94 
60 84 6 
44 51 54 
98 81 62 
66 54 34 
97 35 7 
18 13 43 
10 38 34 
100 84 41 
66 92 18 
73 83 65 
68 25 76 
29 69 20 
96 76 94 
93 25 87 
24 26 21 
65 55 1 
29 77 15 
74 7 37 
73 78 48 
31 54 35 
25 87 42 
49 26 13 
40 14 96 
7 4 9 
73 2 29 
59 33 74 
52 94 80 
85 3 29 
44 54 77 
98 79 5 
84 47 18 
100 34 11 
14 92 65 
89 88 61 
83 87 44 
22 97 62 
26 24 32 
29 20 45 
11 43 73 
9 60 28 
48 22 99 
57 50 13 
27 35 80 
3 16 59 
29 68 65 
37 66 45 
20 52 55 
53 84 73 
15 78 18 
90 37 78 
55 41 45 
97 72 64 
54 32 57 
13 4 14 
11 43 19 
8 6 60 
22 100 59 
23 79 16 
85 52 76 
24 28 74 
45 20 53 
76 3 84 
65 16 35 
30 20 1 
77 96 40 
74 33 13 
43 72 18 
42 50 91 
18 89 67 
14 10 38 
98 79 58 
43 15 98 
59 14 42 
75 29 51 
5 49 96 
38 50 82 
11 32 92 
29 73 53 
2 11 20 
90 95 54 
54 97 25 
58 85 12 
21 13 8 
68 69 14 
68 16 48 
74 42 22 
8 52 65 
95 100 49 
18 44 85 
95 16 79 
87 67 44 
71 5 88 
52 72 54 
70 54 85 
57 51 9 
46 28 94 
17 41 64 
98 28 6 
56 25 86 
46 54 19 
1 28 29 
19 15 3 
84 37 6 
14 3 65 
63 92 73 
47 9 87 
11 92 67 
38 45 29 
83 80 60 
47 50 42 
83 96 64 
44 67 48 
15 24 18 
86 77 37 
46 58 4 
64 19 10 
76 82 70 
14 56 92 
70 9 53 
87 6 96 
11 39 10 
73 18 80 
35 5 88 
58 52 53 
31 45 95 
76 38 36 
44 11 29 
61 29 27 
20 94 9 
1 48 49 
83 98 97 
84 57 32 
83 91 38 
99 22 11 
59 50 3 
38 86 89 
49 70 46 
86 11 77 
37 88 11 
38 76 20 
67 3 95 
51 50 95 
90 75 33 
36 4 29 
2 31 40 
84 30 15 
35 16 63 
86 5 6 
11 53 25 
5 19 98 
74 41 47 
98 24 69 
40 58 48 
36 78 74 
63 75 57 
20 29 39 
12 1 14 
86 73 23 
32 4 1 
1 44 97 
99 12 86 
14 62 21 
70 64 6 
18 21 68 
18 26 64 
55 21 64 
27 37 40 
68 11 13 
80 51 22 
18 51 25 
17 22 98 
1 20 22 
86 80 7 
91 65 32 
38 87 21 
9 14 84 
84 82 17 
4 100 3 
47 8 14 
40 77 99 
8 9 37 
2 59 80 
95 81 5 
94 60 39 
47 31 25 
9 36 44 
95 74 43 
66 86 29 
57 61 94 
69 72 65 
2 25 85 
17 61 47 
35 20 78 
1 42 64 
83 27 37 
98 47 80 
30 45 38 
30 17 19 
64 97 21 
4 43 10 
35 71 39 
100 90 68 
92 72 98 
62 18 97 
89 23 30 
78 53 47 
24 91 94 
54 6 2 
68 78 41 
1 23 64 
49 71 19 
54 9 30 
69 81 14 
22 48 69 
66 99 58 
44 82 93 
10 11 19 
20 42 38 
1 80 73 
11 70 20 
84 4 48 
97 59 92 
77 47 29 
36 95 50 
24 63 53 
66 99 62 
31 1 12 
80 87 26 
84 50 32 
73 16 37 
96 73 62 
32 90 60 
10 74 18 
33 48 27 
39 37 12 
47 87 19 
44 20 26 
9 22 29 
78 62 43 
72 78 22 
51 98 25 
52 97 34 
94 86 99 
24 8 28 
37 72 64 
2 51 88 
76 12 81 
69 18 62 
87 20 78 
95 72 70 
64 95 68 
38 45 15 
92 44 8 
72 66 81 
54 28 1 
21 84 92 
6 78 69 
32 77 8 
29 18 20 
7 66 17 
35 9 94 
39 74 64 
31 28 17 
79 31 87 
13 42 4 
8 48 15 
85 41 73 
89 38 85 
100 19 55 
54 56 79 
24 65 6 
54 9 90 
1 20 44 
32 99 48 
2 60 66 
22 26 97 
18 8 48 
55 40 52 
41 76 75 
60 44 58 
49 99 48 
19 70 94 
88 31 64 
64 24 11 
67 30 17 
100 6 85 
76 16 67 
2 30 43 
75 33 15 
68 73 25 
16 56 3 
55 89 59 
88 98 91 
55 10 9 
76 91 87 
73 78 46 
85 87 100 
60 3 100 
74 95 96 
70 60 69 
65 86 38 
31 52 55 
20 9 7 
88 7 91 
77 53 84 
42 8 90 
17 15 74 
10 24 12 
90 44 67 
38 36 63 
65 85 22 
64 45 8 
77 30 45 
30 78 8 
93 30 16 
87 76 58 
54 57 36 
90 3 98 
5 77 76 
6 17 72 
4 91 13 
82 25 80 
69 28 34 
2 6 63 
3 45 81 
44 13 17 
89 90 26 
32 46 62 
7 33 30 
29 36 81 
85 56 87 
15 1 51 
73 11 44 
7 43 81 
9 55 56 
85 11 38 
86 77 19 
64 56 89 
61 68 65 
93 75 4 
20 22 95 
9 4 53 
61 25 89 
97 7 15 
36 63 87 
26 36 95 
49 91 77 
44 93 3 
64 21 92 
64 97 22 
68 19 35 
11 54 80 
4 79 14 
66 81 93 
25 43 51 
35 68 54 
67 1 4 
77 25 81 
56 69 67 
11 14 97 
30 96 87 
3 81 83 
14 8 45 
67 74 42 
17 3 99 
74 78 1 
40 10 94 
81 49 94 
18 71 86 
68 50 75 
78 58 32 
97 91 78 
25 17 53 
9 88 10 
89 81 32 
30 1 14 
62 51 49 
12 91 41 
72 68 69 
16 85 67 
62 73 51 
25 56 18 
95 5 19 
25 33 28 
29 9 26 
84 87 5 
99 2 35 
58 51 49 
77 29 68 
69 94 80 
95 98 97 
23 32 49 
51 31 36 
68 92 19 
43 63 71 
9 70 46 
25 42 38 
40 57 56 
45 26 56 
72 70 83 
32 100 75 
89 22 35 
11 19 67 
6 87 39 
70 53 49 
20 29 54 
6 48 13 
4 81 86 
64 93 91 
35 76 74 
2 92 70 
15 38 26 
7 6 9 
21 80 98 
22 40 75 
97 17 27 
76 66 89 
73 12 23 
55 33 59 
71 69 33 
65 80 71 
69 76 52 
47 86 41 
51 12 50 
43 10 56 
49 73 85 
44 94 26 
100 25 39 
68 85 8 
89 43 14 
68 59 74 
58 6 59 
63 61 15 
70 82 85 
16 45 21 
24 8 42 
28 62 16 
21 31 49 
12 79 14 
54 91 73 
52 54 84 
40 56 31 
19 80 64 
90 27 81 
35 15 42 
98 3 71 
27 87 1 
52 11 32 
54 11 87 
3 57 77 
22 93 59 
99 29 69 
32 8 33 
31 44 95 
71 63 29 
22 6 24 
10 56 91 
15 71 39 
88 91 92 
38 61 53 
71 70 20 
84 94 87 
23 38 13 
66 61 78 
34 38 84 
69 10 100 
9 10 40 
64 22 75 
69 43 34 
93 68 38 
89 25 5 
75 5 36 
62 29 98 
13 76 34 
2 20 49 
12 46 26 
67 64 68 
82 80 19 
82 35 88 
77 30 51 
16 42 6 
74 59 83 
12 63 15 
5 48 92 
72 33 82 
52 54 82 
59 24 16 
87 90 47 
87 11 66 
63 57 17 
67 58 83 
16 32 43 
94 57 11 
20 14 79 
19 66 31 
60 68 31 
12 80 89 
89 13 46 
78 49 3 
47 66 11 
65 39 57 
9 38 83 
95 76 81 
52 86 8 
40 68 60 
43 27 17 
15 56 47 
49 84 93 
18 40 44 
75 10 82 
63 23 95 
99 83 62 
45 68 52 
52 25 6 
89 29 14 
70 46 67 
19 17 14 
86 97 39 
98 66 27 
22 77 98 
87 59 8 
57 100 8 
83 7 47 
2 25 30 
23 76 17 
14 96 78 
14 63 51 
84 22 94 
67 80 44 
81 18 87 
70 35 59 
29 87 16 
60 97 39 
78 53 62 
14 89 72 
86 40 67 
89 96 41 
56 51 68 
46 98 53 
75 78 17 
39 50 33 
56 17 98 
22 99 63 
84 51 87 
5 3 26 
68 66 72 
72 78 24 
99 21 24 
85 33 35 
84 97 83 
49 67 28 
9 83 63 
49 39 52 
4 50 80 
20 22 99 
99 29 12 
88 99 34 
32 17 96 
82 79 74 
7 99 98 
2 52 88 
31 21 91 
21 68 91 
55 67 35 
53 81 60 
29 8 21 
98 76 23 
11 93 57 
83 47 10 
5 29 83 
63 37 89 
17 13 15 
25 85 61 
76 60 38 
47 73 53 
18 80 67 
66 100 58 
4 34 57 
18 1 70 
52 56 75 
16 69 11 
69 51 4 
2 4 95 
39 32 53 
24 78 32 
62 100 18 
96 54 60 
46 67 16 
65 31 59 
2 34 83 
24 45 62 
98 22 82 
24 85 65 
92 34 85 
23 3 45 
65 99 39 
4 56 32 
89 90 57 
57 98 22 
76 62 82 
28 60 26 
5 24 93 
67 89 43 
85 14 90 
74 89 60 
6 10 95 
26 15 66 
85 43 26 
96 72 44 
76 88 41 
84 94 65 
40 26 16 
44 7 36 
52 14 63 
17 21 23 
98 77 6 
45 98 20 
80 59 94 
44 51 81 
2 77 98 
43 23 26 
46 34 27 
35 68 66 
50 57 70 
57 11 5 
11 28 52 
6 31 86 
62 36 17 
1 96 12 
15 89 72 
70 64 53 
53 67 15 
43 77 98 
39 11 33 
49 85 2 
98 79 39 
65 11 54 
76 35 63 
50 21 14 
52 99 53 
76 42 4 
15 26 43 
78 11 50 
48 85 14 
23 14 69 
16 99 52 
84 52 81 
97 4 21 
75 89 71 
74 30 40 
99 18 14 
37 19 11 
43 80 76 
88 23 65 
92 15 42 
25 43 99 
41 12 17 
64 21 5 
3 25 24 
96 49 30 
73 52 82 
36 38 31 
16 33 19 
81 23 30 
72 1 16 
82 35 6 
5 13 20 
3 51 54 
44 29 14 
92 99 12 
69 56 16 
76 35 60 
25 41 52 
75 59 14 
16 69 31 
98 41 40 
79 85 89 
39 41 43 
27 100 12 
37 8 53 
18 98 43 
17 52 57 
92 9 32 
54 55 75 
100 52 14 
94 91 51 
74 32 46 
46 79 85 
29 51 26 
4 85 48 
40 56 42 
81 8 47 
27 36 74 
17 6 74 
38 46 94 
69 84 21 
75 88 21 
89 40 98 
13 60 66 
27 15 45 
67 63 82 
99 78 59 
48 75 72 
51 64 52 
83 8 81 
12 34 19 
28 37 81 
64 23 89 
3 4 17 
4 48 26 
17 26 31 
43 82 63 
37 99 58 
68 45 14 
40 28 35 
85 19 37 
35 50 1 
36 42 39 
97 21 99 
50 82 93 
15 34 2 
78 58 25 
62 28 53 
13 26 11 
50 83 12 
24 31 98 
23 7 48 
65 10 64 
29 22 77 
31 51 34 
61 83 66 
26 65 94 
37 68 98 
43 71 13 
29 49 94 
57 86 55 
99 68 59 
10 66 22 
59 26 10 
90 28 5 
55 37 27 
78 47 25 
67 75 58 
15 19 71 
40 70 16 
2 38 64 
23 34 84 
47 97 60 
11 34 99 
80 29 81 
69 50 88 
72 42 29 
100 67 78 
97 4 94 
28 4 42 
4 8 86 
47 95 59 
52 10 3 
21 10 25 
49 24 98 
11 86 51 
29 63 76 
25 74 56 
4 48 83 
83 76 57 
55 48 99 
8 94 36 
49 36 17 
32 15 78 
26 36 81 
75 61 76 
86 35 83 
16 66 40 
66 53 61 
29 17 60 
89 20 24 
6 87 24 
98 68 36 
22 93 96 
25 41 76 
39 87 46 
25 91 3 
25 29 73 
95 77 44 
67 37 92 
11 13 23 
62 57 33 
41 49 60 
76 89 46 
69 35 23 
88 2 49 
78 57 22 
98 61 75 
19 100 72 
28 52 51 
71 46 84 
31 3 13 
86 72 16 
80 94 23 
38 43 89 
97 39 30 
70 60 3 
25 58 27 
23 93 43 
49 69 68 
70 29 52 
41 24 66 
94 70 33 
78 7 84 
52 9 24 
72 11 2 
36 39 79 
51 46 7 
33 48 21 
31 38 13 
30 94 44 
11 12 1 
60 64 91 
95 1 26 
62 11 39 
10 11 73 
49 89 93 
4 68 88 
46 98 33 
37 87 27 
35 42 25 
100 76 27 
95 76 67 
1 42 43 
12 81 17 
12 50 65 
78 63 58 
64 4 44 
87 48 54 
9 50 92 
38 91 37 
24 91 11 
54 85 30 
77 32 59 
14 60 19 
83 94 4 
21 12 56 
36 10 25 
12 4 28 
52 71 1 
14 85 92 
95 4 77 
78 5 47 
62 37 67 
56 71 18 
72 75 65 
64 10 85 
51 99 66 
61 75 62 
31 29 17 
19 51 33 
10 44 55 
37 5 15 
77 65 42 
36 24 90 
42 94 32 
34 33 3 
93 48 71 
21 14 33 
30 57 88 
65 61 69 
56 15 95 
29 62 79 
82 81 31 
94 74 100 
87 67 97 
79 38 39 
84 88 50 
23 24 99 
91 40 49 
40 13 19 
86 55 78 
73 40 10 
75 26 100 
59 9 41 
47 90 31 
15 27 93 
75 3 39 
58 86 40 
13 69 3 
7 51 36 
31 76 23 
36 29 87 
83 47 33 
85 6 44 
26 43 81 
13 56 78 
31 13 28 
41 47 27 
95 55 79 
31 23 91 
42 1 63 
79 39 53 
57 91 92 
49 90 53 
14 23 99 
28 8 48 
77 12 67 
41 90 53 
71 84 36 
75 62 5 
34 47 84 
26 4 65 
80 37 49 
70 80 35 
14 41 99 
1 85 100 
79 17 97 
77 42 62 
21 28 74 
15 53 9 
53 44 99 
57 68 7 
95 77 49 
69 19 78 
81 96 78 
85 73 43 
16 5 33 
36 90 23 
25 88 76 
45 61 40 
34 86 41 
17 50 35 
71 52 81 
38 45 26 
6 97 52 
7 48 69 
95 17 28 
5 8 52 
90 76 39 
43 28 27 
57 31 45 
59 95 25 
38 12 60 
93 50 83 
19 61 96 
57 95 4 
41 71 30 
95 86 73 
11 60 35 
37 80 71 
56 77 74 
77 78 22 
46 26 90 
70 66 16 
47 25 30 
13 27 9 
17 14 2 
29 24 51 
95 80 40 
24 74 58 
64 52 73 
28 19 53 
11 9 25 
53 56 92 
44 19 54 
79 46 33 
59 84 95 
32 39 84 
65 41 6 
87 37 96 
9 38 62 
65 38 26 
25 74 97 
83 16 39 
82 40 36 
18 79 93 
51 36 73 
13 29 49 
11 64 66 
53 69 96 
27 97 65 
84 29 97 
68 44 84 
87 62 36 
81 55 22 
87 75 99 
28 42 26 
21 10 65 
10 79 9 
32 18 51 
66 53 39 
65 55 19 
100 11 79 
29 84 99 
29 97 61 
76 38 89 
55 49 6 
69 41 61 
98 64 34 
78 66 57 
34 77 9 
29 78 30 
1 79 72 
24 5 65 
87 72 55 
60 81 67 
25 1 37 
68 72 18 
90 25 4 
17 64 67 
57 39 12 
32 27 67 
70 22 58 
83 36 79 
25 88 78 
56 88 77 
71 80 47 
92 13 98 
62 2 50 
58 36 83 
89 78 45 
3 32 34 
50 66 29 
99 18 11 
32 34 85 
12 7 60 
19 71 99 
17 3 81 
67 82 40 
16 36 100 
3 42 74 
44 35 52 
42 55 88 
73 34 11 
36 91 20 
88 41 25 
40 76 69 
29 90 58 
94 50 37 
9 92 80 
42 41 53 
18 15 3 
10 15 95 
76 49 2 
58 14 53 
95 26 29 
33 72 94 
21 25 74 
73 32 1 
37 81 65 
35 15 10 
18 19 86 
41 2 66 
30 64 96 
78 96 3 
50 2 10 
99 27 43 
6 34 28 
25 74 67 
79 50 9 
70 28 54 
95 84 58 
15 27 22 
77 97 17 
9 46 2 
86 90 69 
33 84 61 
55 21 99 
20 10 34 
85 8 10 
71 83 67 
90 19 99 
89 97 27 
94 55 8 
34 77 36 
34 90 48 
54 97 15 
11 77 75 
65 41 36 
15 90 49 
95 83 98 
8 73 93 
72 96 90 
94 58 69 
69 20 48 
31 30 96 
36 7 29 
69 48 60 
93 36 68 
67 78 58 
8 71 38 
1 34 28 
93 36 89 
40 2 22 
37 6 8 
92 11 8 
31 23 87 
30 37 95 
58 34 61 
77 44 97 
19 76 23 
46 52 34 
30 62 1 
69 49 16 
61 9 73 
73 27 5 
65 8 55 
72 2 82 
69 46 72 
11 18 50 
89 82 65 
56 31 57 
91 48 96 
20 34 36 
69 35 79 
82 94 20 
67 70 90 
1 44 85 
77 15 64 
93 76 31 
48 82 100 
86 19 88 
14 53 13 
45 27 47 
2 50 77 
39 18 67 
25 33 68 
23 42 83 
71 78 74 
12 27 2 
67 73 7 
95 80 42 
9 56 60 
25 79 13 
39 77 42 
43 13 36 
81 94 65 
94 22 70 
69 17 49 
79 20 63 
23 14 62 
4 56 78 
58 30 97 
66 82 7 
71 66 77 
75 24 56 
99 32 2 
6 51 65 
99 21 45 
54 97 10 
100 76 62 
16 48 77 
95 80 82 
91 36 64 
89 55 37 
78 15 46 
76 78 54 
71 89 34 
15 2 66 
90 68 66 
35 34 8 
69 71 94 
3 71 48 
37 94 17 
50 67 87 
20 93 97 
68 36 32 
78 58 11 
38 60 32 
29 82 74 
16 63 44 
2 6 22 
21 100 22 
44 94 32 
25 28 92 
88 4 53 
32 50 81 
93 63 98 
52 3 83 
1 36 99 
7 46 25 
72 5 19 
36 1 19 
14 51 29 
75 25 62 
16 23 83 
28 62 22 
77 40 79 
95 74 2 
3 79 12 
46 67 55 
16 84 3 
2 25 18 
49 24 32 
41 1 94 
35 19 77 
56 7 55 
23 41 57 
73 58 89 
60 51 48 
96 50 7 
1 42 44 
94 46 47 
30 23 50 
96 73 46 
14 24 10 
96 58 73 
65 1 99 
98 100 56 
82 8 54 
73 5 45 
38 42 19 
5 33 82 
38 50 47 
28 52 94 
95 16 11 
79 50 1 
99 62 68 
30 15 48 
99 17 73 
42 87 24 
54 25 17 
21 56 92 
62 1 59 
68 39 29 
7 88 93 
37 71 30 
65 38 17 
14 2 62 
93 1 19 
74 84 100 
60 21 81 
23 12 94 
31 13 33 
63 95 38 
55 30 22 
44 6 9 
80 10 55 
43 66 7 
86 88 17 
56 99 47 
89 98 68 
21 45 6 
42 94 25 
69 37 6 
24 32 16 
66 75 55 
31 20 10 
35 31 6 
57 45 38 
27 62 15 
5 69 17 
30 60 1 
87 3 74 
24 67 86 
62 29 67 
82 100 96 
79 20 45 
13 21 55 
29 76 67 
35 63 26 
64 7 93 
8 74 69 
61 27 22 
46 43 96 
77 63 66 
93 22 98 
44 40 8 
3 33 47 
20 92 74 
31 20 9 
13 67 34 
20 16 69 
11 56 39 
71 41 65 
81 35 58 
11 92 97 
38 98 46 
30 45 33 
27 62 87 
30 37 25 
20 90 95 
35 66 6 
77 14 94 
44 28 98 
73 78 69 
83 33 27 
2 7 19 
34 28 41 
2 56 84 
59 28 49 
8 45 59 
23 45 38 
8 91 27 
59 64 39 
71 25 69 
2 78 43 
24 57 87 
25 58 96 
81 34 21 
95 8 45 
46 37 71 
20 16 39 
57 40 41 
27 33 22 
18 70 36 
2 65 21 
10 13 47 
72 37 76 
23 32 22 
92 12 16 
90 79 30 
54 61 63 
72 40 78 
55 93 47 
30 21 65 
35 91 43 
15 66 37 
100 27 34 
31 53 91 
27 66 12 
24 87 81 
88 30 46 
50 63 96 
86 68 22 
89 48 25 
85 73 66 
56 34 55 
10 4 78 
51 17 52 
63 81 85 
18 24 20 
97 8 23 
51 52 91 
30 42 9 
55 58 75 
80 99 87 
95 12 15 
30 70 47 
18 63 39 
78 88 46 
6 76 72 
71 14 9 
12 82 93 
25 33 73 
92 35 22 
10 90 87 
19 73 90 
82 56 3 
78 57 60 
52 85 42 
72 36 23 
62 71 57 
99 79 68 
33 45 41 
91 74 93 
26 5 96 
16 71 39 
52 15 70 
35 91 78 
68 25 41 
43 40 9 
29 34 24 
28 45 14 
