500
20 37 26 
59 30 32 
40 53 60 
44 33 42 
4 10 61 
68 7 57 
21 9 36 
35 34 8 
65 21 18 
30 48 38 
23 66 1 
49 8 54 
24 5 4 
51 57 4 
26 3 15 
8 19 22 
51 57 9 
32 10 17 
42 7 54 
16 68 13 
9 47 58 
55 22 30 
40 3 19 
60 46 67 
4 66 29 
68 54 11 
19 37 11 
37 42 13 
13 60 42 
39 42 27 
63 37 22 
25 8 19 
28 53 48 
49 63 62 
47 4 7 
18 31 23 
22 60 43 
50 46 33 
25 36 10 
11 15 45 
40 16 21 
35 44 56 
17 57 51 
34 38 53 
8 55 65 
31 57 56 
54 32 57 
7 35 45 
47 60 27 
13 48 52 
19 3 15 
32 23 66 
24 7 57 
50 57 58 
53 59 3 
44 19 64 
67 8 4 
29 54 13 
46 22 5 
44 51 46 
13 55 24 
33 9 31 
14 45 65 
47 67 64 
14 28 33 
20 12 15 
68 63 61 
29 48 11 
45 20 30 
15 2 66 
65 41 36 
17 49 63 
39 12 37 
12 17 19 
17 13 39 
7 62 47 
56 8 21 
43 68 22 
32 16 25 
21 7 27 
62 61 48 
65 6 41 
61 57 27 
33 10 47 
44 11 48 
66 51 61 
46 27 34 
29 68 39 
26 29 28 
4 36 5 
63 15 12 
66 67 29 
44 41 64 
17 13 44 
7 48 23 
46 11 16 
12 42 50 
13 38 23 
50 4 43 
36 47 65 
20 12 11 
52 48 35 
52 59 56 
55 45 18 
34 7 29 
23 47 18 
17 25 39 
16 30 2 
55 57 66 
32 3 8 
65 14 11 
33 21 14 
41 19 48 
24 12 10 
40 48 58 
54 65 59 
56 31 40 
61 40 13 
8 28 24 
39 36 44 
45 14 28 
58 43 4 
28 11 52 
39 38 27 
49 48 53 
65 55 19 
9 2 10 
65 29 39 
17 15 13 
17 2 14 
7 4 9 
22 15 16 
35 4 47 
14 1 30 
13 27 9 
3 14 42 
3 44 50 
62 53 28 
61 67 41 
4 57 34 
4 64 44 
53 17 29 
41 24 62 
37 62 33 
41 3 12 
50 14 62 
22 13 48 
21 62 14 
15 62 27 
21 7 3 
4 34 46 
43 18 68 
45 41 33 
3 59 50 
24 66 41 
9 16 23 
60 5 57 
10 68 35 
55 64 52 
50 38 47 
15 11 16 
37 54 11 
22 51 31 
59 26 10 
1 52 3 
40 2 22 
45 38 26 
58 41 52 
28 51 52 
45 68 48 
33 32 36 
63 30 41 
13 31 28 
60 67 48 
21 62 66 
12 17 4 
25 2 43 
35 6 27 
49 25 62 
44 56 65 
56 4 26 
40 34 14 
25 64 34 
13 6 47 
62 36 61 
67 32 6 
30 64 31 
24 64 11 
1 51 15 
27 44 46 
65 30 21 
36 62 14 
32 62 46 
65 33 52 
35 11 60 
8 27 32 
20 26 15 
61 4 12 
56 40 42 
6 49 55 
35 38 33 
13 48 6 
26 6 12 
22 31 12 
2 27 33 
41 66 2 
34 4 62 
1 4 3 
18 19 22 
12 8 48 
6 2 54 
58 13 52 
11 64 66 
32 54 22 
46 25 7 
15 64 60 
68 17 62 
59 29 30 
33 22 27 
20 7 6 
65 38 33 
22 15 38 
34 15 1 
23 32 49 
51 11 3 
11 43 18 
17 64 41 
45 27 47 
13 58 18 
8 47 63 
20 47 21 
60 61 26 
59 19 35 
44 54 19 
64 65 46 
63 32 39 
63 36 51 
32 17 7 
12 37 45 
24 20 18 
15 18 24 
21 8 13 
65 47 23 
10 28 21 
59 31 65 
12 20 67 
26 22 54 
12 28 11 
9 64 36 
41 54 24 
34 12 31 
26 25 28 
32 66 47 
26 60 28 
60 49 10 
3 17 4 
19 31 39 
10 34 45 
41 2 32 
12 58 1 
58 24 27 
27 17 43 
51 54 3 
55 20 52 
8 22 35 
58 25 27 
68 60 40 
13 14 21 
45 38 57 
11 10 39 
20 25 50 
43 23 64 
1 22 24 
56 59 20 
42 6 66 
31 14 62 
63 6 2 
24 31 21 
17 35 65 
3 5 26 
26 51 29 
13 25 32 
54 43 66 
20 2 39 
45 54 43 
23 26 10 
23 62 7 
45 22 60 
41 37 11 
25 24 3 
2 64 28 
22 7 31 
33 57 19 
22 10 62 
11 62 37 
58 9 38 
7 3 12 
5 19 21 
37 66 15 
58 52 26 
6 9 46 
9 47 32 
38 32 51 
59 35 22 
6 60 39 
11 33 39 
2 7 1 
8 44 39 
49 59 28 
45 34 28 
50 17 35 
25 54 27 
34 31 51 
60 28 53 
15 17 20 
16 25 65 
54 36 57 
56 5 44 
15 37 40 
65 30 12 
9 10 40 
39 5 34 
25 4 15 
5 13 53 
10 44 18 
50 47 42 
14 59 42 
30 1 62 
26 7 6 
46 41 44 
61 43 22 
18 68 21 
49 46 16 
42 20 59 
28 62 16 
67 3 19 
23 26 13 
23 21 17 
35 33 4 
53 14 13 
30 68 16 
59 14 61 
42 4 13 
65 46 49 
54 40 59 
26 37 32 
8 37 24 
11 16 18 
18 16 31 
35 42 25 
14 23 58 
11 62 14 
20 5 26 
17 5 62 
12 36 56 
50 21 10 
41 8 6 
40 43 21 
6 37 7 
22 55 66 
42 4 68 
46 47 7 
12 55 16 
48 36 51 
45 33 30 
18 35 45 
2 8 23 
30 9 54 
9 33 59 
49 36 51 
27 48 47 
68 59 6 
25 1 11 
5 42 24 
1 15 24 
14 2 62 
7 51 12 
29 51 14 
66 60 2 
21 12 57 
40 9 2 
8 6 60 
62 42 65 
21 31 6 
11 12 1 
45 52 68 
68 7 51 
46 15 24 
60 67 29 
63 28 4 
57 59 13 
67 51 1 
62 65 56 
28 38 34 
15 27 22 
39 51 24 
3 57 14 
45 59 8 
5 57 11 
28 1 54 
22 18 16 
9 62 1 
9 1 17 
44 42 5 
36 9 57 
66 64 4 
11 13 23 
25 11 8 
52 37 51 
3 38 63 
20 16 39 
56 45 26 
32 16 43 
6 58 15 
21 53 49 
34 28 7 
12 58 20 
10 54 22 
12 64 20 
39 22 33 
33 25 28 
55 17 53 
54 46 66 
13 17 67 
52 39 49 
27 57 29 
22 8 51 
26 55 66 
27 43 28 
33 26 30 
62 52 50 
25 27 4 
45 57 6 
20 2 11 
49 57 45 
28 19 47 
68 60 22 
56 39 57 
30 48 15 
40 45 61 
10 43 45 
52 29 66 
58 52 53 
44 46 61 
12 66 27 
48 51 30 
38 53 61 
26 44 49 
5 48 34 
52 16 64 
25 6 64 
25 27 8 
67 41 36 
15 42 34 
7 66 17 
17 51 52 
17 38 56 
37 64 24 
21 14 66 
55 46 14 
7 10 26 
5 14 8 
33 12 32 
40 51 41 
67 23 5 
50 3 37 
5 6 42 
2 14 18 
28 5 29 
61 63 14 
41 14 3 
2 15 7 
4 40 41 
16 64 39 
15 38 26 
47 66 24 
1 64 23 
11 13 26 
46 54 12 
67 18 23 
50 19 5 
61 52 49 
53 32 39 
62 34 53 
42 38 52 
55 44 10 
33 18 9 
40 57 38 
23 44 45 
9 42 30 
7 48 16 
32 29 51 
67 9 25 
63 51 49 
32 13 5 
40 60 4 
51 33 66 
4 47 10 
9 7 66 
21 5 64 
