500
59 19 35 
19 44 64 
62 11 14 
4 35 33 
4 43 50 
29 5 28 
25 35 42 
46 55 14 
32 6 67 
39 52 49 
34 10 45 
5 26 3 
63 51 36 
12 39 37 
38 65 33 
13 21 14 
13 26 11 
7 21 3 
67 64 47 
34 14 40 
17 27 43 
68 13 16 
62 34 4 
16 23 9 
12 4 61 
27 58 24 
21 16 40 
51 54 3 
64 25 34 
48 22 13 
14 3 41 
51 49 36 
36 33 32 
8 22 19 
22 61 43 
33 45 41 
7 46 25 
66 24 47 
47 35 4 
47 9 32 
9 6 46 
17 50 35 
63 14 61 
61 48 62 
19 3 40 
52 3 1 
39 10 11 
5 11 57 
36 65 47 
38 47 50 
22 8 35 
30 20 45 
66 41 2 
24 46 15 
13 21 8 
66 37 15 
6 5 42 
20 6 7 
49 46 65 
57 6 45 
24 13 55 
27 44 46 
40 60 53 
48 40 58 
18 68 43 
44 39 36 
5 46 22 
44 18 10 
37 7 6 
47 10 4 
15 58 6 
10 45 43 
27 58 25 
66 14 21 
18 14 2 
26 10 23 
12 6 26 
49 60 10 
30 45 33 
25 62 49 
20 21 47 
40 4 41 
12 27 66 
45 61 40 
15 2 7 
12 65 30 
7 34 28 
49 54 8 
51 28 52 
8 2 23 
17 23 21 
59 53 3 
27 2 33 
60 22 68 
42 27 39 
4 3 1 
27 35 6 
47 27 60 
50 33 46 
4 44 64 
4 29 66 
46 41 44 
17 57 51 
11 35 60 
5 53 13 
8 25 19 
57 51 9 
6 41 8 
3 7 12 
47 27 45 
52 62 50 
5 26 20 
39 60 6 
20 42 59 
13 23 11 
29 66 52 
36 21 9 
18 67 23 
3 8 32 
30 31 64 
43 32 16 
14 31 62 
16 46 11 
7 16 48 
12 33 32 
51 22 31 
64 4 66 
38 23 13 
68 39 29 
19 50 5 
12 10 24 
18 9 33 
59 40 54 
19 41 48 
38 26 15 
51 52 37 
11 18 43 
65 56 44 
56 40 31 
54 11 37 
43 66 54 
49 52 61 
2 41 32 
34 45 28 
59 56 20 
42 34 15 
9 67 25 
41 24 62 
3 26 15 
50 44 3 
27 8 32 
46 60 67 
51 40 41 
61 62 36 
12 20 64 
10 22 54 
14 62 50 
34 4 46 
21 8 56 
31 18 16 
26 13 23 
31 33 9 
41 6 65 
28 26 25 
52 41 58 
17 38 56 
50 47 42 
61 27 57 
26 45 38 
27 33 22 
1 58 12 
22 60 43 
65 42 62 
1 25 11 
17 13 15 
25 20 50 
54 6 2 
5 21 19 
38 33 35 
62 14 21 
31 7 22 
6 63 2 
54 68 11 
31 18 23 
27 21 7 
3 15 19 
14 42 59 
43 4 58 
54 30 9 
7 1 2 
62 22 10 
48 6 13 
37 40 15 
53 62 34 
11 24 64 
53 48 49 
44 23 45 
39 13 17 
28 14 33 
12 22 31 
35 17 65 
52 68 45 
5 42 44 
51 66 33 
4 34 57 
11 41 37 
48 13 52 
51 1 15 
57 5 60 
24 39 51 
65 55 19 
60 40 68 
28 24 8 
48 38 30 
13 60 42 
10 26 59 
15 11 45 
53 39 32 
20 18 24 
44 49 26 
52 56 59 
56 12 36 
42 52 38 
67 41 61 
17 41 64 
57 3 14 
61 59 14 
4 42 13 
12 46 54 
2 20 11 
21 50 10 
17 67 13 
51 22 8 
1 34 15 
62 27 15 
24 3 25 
64 28 2 
23 67 5 
64 16 39 
43 27 28 
21 49 53 
7 32 17 
17 68 62 
53 28 62 
28 52 11 
62 7 23 
34 38 53 
64 1 23 
40 13 61 
56 57 39 
9 2 40 
28 25 33 
9 58 38 
55 66 22 
1 24 15 
66 47 32 
40 60 4 
3 50 59 
13 37 42 
32 23 49 
11 16 18 
59 45 8 
17 2 14 
14 13 53 
64 66 11 
42 30 9 
34 8 35 
60 66 2 
51 52 17 
30 14 1 
26 32 37 
7 9 66 
4 12 17 
2 14 62 
54 45 43 
47 33 10 
26 45 56 
33 37 62 
17 55 53 
20 67 12 
16 28 62 
54 1 28 
2 16 30 
65 59 31 
54 7 42 
14 42 3 
7 68 57 
68 21 18 
67 29 60 
5 4 36 
52 58 13 
36 65 41 
4 7 9 
63 61 68 
22 60 45 
52 33 65 
64 9 36 
39 20 16 
54 36 57 
41 36 67 
38 63 3 
5 4 24 
45 55 18 
52 64 16 
54 32 22 
60 28 26 
54 25 27 
48 5 34 
54 13 29 
22 63 37 
27 25 8 
28 34 38 
3 41 12 
2 25 43 
6 68 59 
57 21 12 
26 56 4 
64 5 21 
32 62 46 
9 40 10 
28 4 63 
67 48 60 
64 41 44 
39 31 19 
17 25 39 
47 46 7 
68 35 10 
15 22 16 
23 14 58 
48 30 15 
44 13 17 
20 26 37 
16 65 25 
7 17 66 
25 13 32 
31 13 28 
17 49 63 
15 20 12 
3 4 17 
43 21 40 
17 20 15 
56 40 42 
5 13 32 
29 28 26 
20 26 15 
56 57 31 
59 29 30 
21 65 18 
10 55 44 
30 21 65 
22 55 30 
24 41 66 
60 6 8 
3 67 19 
35 7 45 
7 12 51 
18 16 22 
45 65 14 
26 60 61 
17 1 9 
1 9 62 
9 33 59 
35 52 48 
15 22 27 
8 55 65 
29 34 7 
51 26 29 
51 3 11 
64 24 37 
28 45 14 
21 14 33 
50 12 42 
28 49 59 
14 5 8 
7 6 26 
61 51 66 
2 15 66 
2 20 39 
48 7 23 
46 16 49 
64 43 23 
59 57 13 
53 28 48 
21 24 31 
37 45 12 
54 44 19 
25 16 32 
54 46 66 
15 64 60 
47 6 13 
14 11 65 
4 42 68 
50 58 57 
54 59 65 
8 25 11 
37 19 11 
8 24 37 
39 32 63 
44 8 39 
59 35 22 
51 44 46 
17 10 32 
12 11 20 
57 36 9 
43 22 68 
62 37 11 
55 52 64 
38 45 57 
56 44 35 
63 49 51 
38 27 39 
18 24 15 
12 1 11 
53 52 58 
29 66 67 
57 19 33 
4 25 27 
51 38 32 
57 45 49 
47 48 27 
12 63 15 
63 62 49 
65 62 56 
16 15 11 
48 68 45 
51 34 31 
68 16 30 
4 51 57 
32 57 54 
64 6 25 
47 62 7 
33 39 11 
46 44 61 
59 30 32 
49 6 55 
53 28 60 
18 58 13 
16 12 55 
57 24 7 
67 1 51 
47 65 23 
2 9 10 
54 22 26 
11 12 28 
14 29 51 
38 40 57 
1 30 62 
34 39 5 
46 64 65 
18 23 47 
36 25 10 
62 66 21 
57 29 27 
10 4 61 
19 28 47 
27 9 13 
51 48 36 
10 26 7 
27 46 34 
44 33 42 
52 20 55 
51 7 68 
11 48 44 
66 23 1 
35 18 45 
47 58 9 
47 63 8 
11 29 48 
19 12 17 
5 44 56 
22 2 40 
66 23 32 
39 65 29 
51 30 48 
41 63 30 
20 12 58 
47 4 7 
22 24 1 
31 34 12 
14 36 62 
6 21 31 
66 42 6 
4 25 15 
55 26 66 
29 32 51 
8 12 48 
53 17 29 
38 15 22 
54 41 24 
38 53 61 
8 67 4 
55 66 57 
52 58 26 
3 37 50 
19 18 22 
5 17 62 
33 22 39 
5 42 24 
28 21 10 
26 33 30 
