500
14 21 66 
47 4 35 
61 48 62 
64 43 23 
57 34 4 
51 11 3 
18 10 44 
51 49 36 
43 45 10 
7 6 20 
30 22 55 
51 48 36 
59 30 29 
21 31 24 
16 32 43 
43 27 17 
15 12 63 
51 66 61 
62 7 23 
47 9 58 
35 17 65 
57 5 60 
52 20 55 
15 11 16 
52 50 62 
49 60 10 
37 52 51 
50 42 12 
24 41 54 
2 40 9 
25 62 49 
30 31 64 
26 49 44 
50 38 47 
54 26 22 
55 26 66 
15 3 19 
41 65 6 
32 6 67 
29 48 11 
36 25 10 
3 1 4 
38 26 45 
64 9 36 
52 64 55 
54 32 22 
16 11 18 
6 68 59 
11 12 1 
60 15 64 
20 58 12 
40 60 4 
44 10 55 
4 17 3 
27 44 46 
16 55 12 
42 37 13 
6 45 57 
15 6 58 
17 67 13 
63 61 68 
57 40 38 
37 19 11 
46 55 14 
47 6 13 
35 18 45 
13 58 18 
14 30 1 
60 66 2 
23 18 31 
10 40 9 
61 46 44 
2 17 14 
30 48 38 
19 50 5 
26 15 3 
25 50 20 
3 14 57 
1 9 62 
46 24 15 
4 58 43 
3 14 41 
8 22 35 
14 40 34 
17 49 63 
19 22 8 
52 64 16 
67 60 29 
39 65 29 
11 65 14 
12 20 15 
46 49 16 
53 49 48 
32 39 53 
2 23 8 
22 60 45 
35 33 38 
67 36 41 
10 12 24 
56 35 44 
20 16 39 
42 25 35 
5 48 34 
47 23 65 
2 14 62 
56 39 57 
16 22 18 
63 62 49 
13 31 28 
68 10 35 
61 27 57 
48 13 6 
56 31 57 
16 2 30 
28 33 14 
10 23 26 
19 39 31 
8 6 41 
51 38 32 
54 44 19 
54 7 42 
43 60 22 
20 39 2 
51 68 7 
45 65 14 
40 13 61 
39 44 36 
52 56 59 
57 9 36 
2 1 7 
51 30 48 
60 6 8 
15 20 26 
36 14 62 
35 27 6 
64 4 66 
46 60 67 
47 27 60 
65 19 55 
10 45 34 
48 52 13 
46 41 44 
30 45 33 
1 30 62 
30 65 12 
29 66 67 
54 57 36 
4 5 36 
53 52 58 
25 67 9 
56 45 26 
18 22 19 
61 49 52 
29 32 51 
64 17 41 
43 28 27 
42 44 5 
59 45 8 
6 12 26 
64 6 25 
6 7 26 
25 39 17 
12 17 4 
51 41 40 
16 11 46 
37 62 11 
24 62 41 
21 40 16 
28 25 33 
54 25 27 
30 26 33 
10 22 54 
34 28 7 
8 56 21 
54 30 9 
23 49 32 
43 25 2 
4 34 46 
38 58 9 
28 52 11 
56 42 40 
54 6 2 
36 62 61 
52 3 1 
6 31 21 
26 3 5 
68 13 16 
12 20 64 
66 29 4 
32 66 47 
21 65 18 
4 5 24 
2 18 14 
51 33 66 
10 61 4 
3 44 50 
37 32 26 
67 48 60 
27 39 42 
28 12 11 
35 52 48 
26 7 10 
18 68 43 
2 15 66 
24 15 18 
26 38 15 
15 34 1 
59 40 54 
8 67 4 
28 4 63 
19 3 67 
46 22 5 
62 14 11 
66 12 27 
16 22 15 
16 65 25 
51 57 9 
48 45 68 
37 7 6 
57 45 38 
61 59 14 
2 20 11 
47 7 62 
11 24 64 
42 3 14 
17 52 51 
44 11 48 
17 15 20 
65 42 62 
15 45 11 
53 34 62 
35 8 34 
33 52 65 
64 1 23 
66 15 37 
18 67 23 
9 32 47 
23 21 17 
43 22 61 
8 44 39 
3 53 59 
41 45 33 
8 25 27 
56 62 65 
10 22 62 
7 25 46 
57 7 24 
65 59 31 
59 10 26 
3 40 19 
5 14 8 
47 27 45 
61 45 40 
4 25 27 
13 38 23 
12 36 56 
28 8 24 
33 39 22 
16 28 62 
26 20 5 
21 33 14 
8 3 32 
33 11 39 
47 24 66 
28 25 26 
67 51 1 
27 8 32 
31 33 9 
39 52 49 
5 29 28 
34 7 29 
34 45 28 
23 58 14 
8 24 37 
42 5 6 
67 41 61 
64 2 28 
23 67 5 
41 19 48 
13 5 53 
28 48 53 
50 3 37 
42 33 44 
27 21 7 
30 63 41 
20 26 37 
15 17 13 
21 49 53 
56 31 40 
54 1 28 
41 32 2 
46 27 34 
19 21 5 
68 16 30 
10 39 11 
22 63 37 
40 60 53 
7 17 66 
51 28 52 
25 8 11 
24 1 22 
34 38 53 
51 14 29 
60 28 26 
59 42 14 
63 14 61 
49 55 6 
13 44 17 
48 22 13 
37 15 40 
34 5 39 
27 22 33 
7 4 9 
13 60 42 
9 1 17 
22 31 7 
48 8 12 
48 58 40 
28 10 21 
46 62 32 
50 42 47 
9 33 59 
7 23 48 
21 65 30 
54 13 29 
7 68 57 
25 13 32 
59 50 3 
63 49 51 
53 28 60 
43 22 68 
7 3 21 
3 24 25 
4 10 47 
45 55 18 
68 21 18 
27 48 47 
53 17 29 
30 45 20 
66 41 24 
53 17 55 
28 45 14 
22 15 38 
7 45 35 
18 16 31 
18 23 47 
41 4 40 
50 33 46 
57 11 5 
17 13 39 
51 44 46 
65 46 64 
25 19 8 
8 22 51 
52 41 58 
53 28 62 
51 29 26 
29 66 52 
4 34 62 
51 17 57 
64 44 19 
7 9 66 
35 33 4 
24 37 64 
12 41 3 
51 24 39 
59 35 22 
51 31 22 
13 5 32 
54 37 11 
51 12 7 
9 2 10 
47 65 36 
21 66 62 
36 32 33 
28 26 29 
12 33 32 
5 17 62 
39 60 6 
7 3 12 
12 58 1 
14 21 13 
59 57 13 
64 41 44 
62 14 21 
25 11 1 
38 39 27 
42 15 34 
20 67 12 
26 11 13 
59 32 30 
51 1 15 
22 66 55 
17 19 12 
47 4 7 
47 46 7 
60 22 68 
9 13 27 
18 33 9 
44 45 23 
36 65 41 
67 64 47 
22 2 40 
26 4 56 
6 63 2 
59 20 56 
64 21 5 
4 13 42 
11 20 12 
65 56 44 
45 68 52 
40 21 43 
63 47 8 
43 66 54 
36 9 21 
66 1 23 
23 9 16 
11 60 35 
28 49 59 
17 68 62 
47 10 33 
17 38 56 
40 68 60 
50 58 57 
4 44 64 
47 19 28 
45 54 43 
9 6 46 
12 31 34 
2 15 7 
27 15 22 
37 33 62 
66 32 23 
25 15 4 
46 65 49 
65 55 8 
62 27 15 
24 58 27 
34 38 28 
4 68 42 
54 46 66 
51 3 54 
31 34 51 
7 32 17 
11 37 41 
38 65 33 
59 19 35 
51 57 4 
57 12 21 
54 57 32 
27 25 58 
38 52 42 
30 48 15 
52 13 58 
56 44 5 
2 33 27 
37 39 12 
18 20 24 
57 29 27 
39 68 29 
37 12 45 
64 34 25 
64 16 39 
54 68 11 
26 58 52 
45 57 49 
66 42 6 
4 43 50 
42 24 5 
11 18 43 
42 9 30 
7 16 48 
25 16 32 
50 17 35 
19 33 57 
53 14 13 
8 54 49 
61 53 38 
20 42 59 
62 31 14 
38 63 3 
26 23 13 
36 51 63 
13 8 21 
61 26 60 
24 13 55 
39 63 32 
21 10 50 
12 54 46 
22 31 12 
12 4 61 
54 59 65 
10 32 17 
66 2 41 
57 55 66 
64 66 11 
13 23 11 
24 15 1 
47 20 21 
50 62 14 
