500
44 4 64 
23 13 38 
54 46 12 
58 1 12 
62 14 31 
41 51 40 
31 56 57 
52 28 11 
28 12 11 
34 29 7 
32 54 22 
1 62 9 
21 10 28 
62 10 22 
59 6 68 
25 8 11 
24 37 8 
63 30 41 
35 65 17 
7 6 37 
45 41 33 
3 24 25 
54 8 49 
10 25 36 
26 11 13 
13 61 40 
30 31 64 
13 48 52 
59 14 61 
8 14 5 
5 60 57 
15 64 60 
40 9 2 
20 47 21 
67 32 6 
65 44 56 
17 12 19 
15 27 62 
41 4 40 
13 44 17 
36 51 63 
14 62 50 
14 57 3 
32 54 57 
5 48 34 
15 19 3 
47 64 67 
26 56 45 
46 27 34 
24 21 31 
50 25 20 
21 43 40 
40 22 2 
35 42 25 
17 39 25 
29 60 67 
52 39 49 
55 46 14 
54 19 44 
14 11 65 
7 28 34 
15 22 27 
55 30 22 
40 61 45 
67 61 41 
61 48 62 
48 51 30 
62 34 4 
21 8 56 
67 18 23 
46 5 22 
46 15 24 
60 27 47 
28 19 47 
35 47 4 
7 2 15 
67 41 36 
65 52 33 
2 63 6 
22 51 31 
68 17 62 
5 24 42 
6 12 26 
26 15 38 
43 45 54 
57 9 51 
21 31 6 
11 10 39 
45 49 57 
1 52 3 
33 22 27 
65 31 59 
67 46 60 
41 66 2 
32 30 59 
2 54 6 
52 29 66 
65 23 47 
27 25 4 
34 1 15 
23 66 1 
64 25 34 
12 37 45 
38 33 65 
54 46 66 
8 22 19 
28 5 29 
48 68 45 
30 68 16 
33 19 57 
67 9 25 
12 31 34 
3 51 11 
29 59 30 
10 59 26 
63 49 51 
19 5 21 
36 51 48 
1 7 2 
45 43 10 
28 63 4 
17 53 29 
15 20 12 
62 11 37 
53 34 62 
25 11 1 
21 53 49 
1 51 67 
28 53 48 
64 66 4 
57 45 6 
3 15 26 
26 5 3 
22 51 8 
5 32 13 
52 45 68 
25 15 4 
9 10 40 
8 3 32 
46 62 32 
17 43 27 
10 44 55 
26 28 25 
44 27 46 
57 7 68 
25 62 49 
40 56 42 
14 53 13 
1 12 11 
10 61 4 
37 66 15 
44 5 56 
58 23 14 
41 14 3 
58 20 12 
53 61 38 
42 4 68 
14 1 30 
11 24 64 
64 9 36 
47 66 24 
44 35 56 
45 34 10 
21 14 66 
63 49 62 
33 31 9 
8 48 12 
14 13 21 
58 15 6 
24 15 1 
4 61 12 
18 45 55 
34 39 5 
45 30 20 
27 42 39 
23 11 13 
64 5 21 
39 37 12 
41 12 3 
52 56 59 
50 21 10 
24 7 57 
25 13 32 
30 65 21 
25 54 27 
12 4 17 
35 38 33 
8 59 45 
12 51 7 
23 7 48 
39 36 44 
17 49 63 
62 21 14 
25 16 65 
27 13 9 
4 5 36 
13 54 29 
4 3 17 
35 68 10 
21 57 12 
34 31 51 
6 66 42 
7 47 46 
33 9 59 
29 27 57 
54 51 3 
29 51 14 
24 1 22 
15 38 22 
66 2 15 
15 48 30 
56 62 65 
40 68 60 
52 58 53 
39 53 32 
39 29 65 
57 51 17 
3 63 38 
14 17 2 
15 1 51 
29 48 11 
37 63 22 
52 35 48 
68 63 61 
60 35 11 
26 20 15 
28 51 52 
10 49 60 
9 36 57 
28 43 27 
13 17 15 
8 21 13 
60 8 6 
64 24 37 
26 37 20 
40 56 31 
52 49 61 
55 64 52 
57 51 4 
23 64 43 
4 9 7 
16 2 30 
6 8 41 
39 38 27 
28 31 13 
14 62 11 
4 66 29 
65 64 46 
11 68 54 
2 62 14 
23 66 32 
49 53 48 
2 66 60 
39 56 57 
31 19 39 
11 5 57 
2 32 41 
16 64 52 
58 38 9 
49 26 44 
58 18 13 
22 54 10 
44 61 46 
19 55 65 
14 28 45 
43 68 22 
33 28 14 
24 15 18 
15 42 34 
47 32 66 
46 50 33 
20 2 39 
65 54 59 
64 16 39 
14 45 65 
44 33 42 
42 5 6 
33 47 10 
38 53 34 
11 66 64 
59 57 13 
64 6 25 
62 30 1 
10 4 47 
39 44 8 
66 7 9 
34 57 4 
17 7 66 
20 39 16 
65 49 46 
40 3 19 
9 10 2 
62 21 66 
25 16 32 
60 4 40 
24 66 41 
62 36 14 
52 13 58 
57 66 55 
42 14 59 
11 20 12 
5 23 67 
52 51 17 
9 17 1 
32 39 63 
17 13 39 
7 47 4 
7 12 3 
47 62 7 
7 32 17 
49 32 23 
27 8 32 
29 68 39 
11 54 37 
25 19 8 
43 61 22 
45 44 23 
47 50 38 
11 20 2 
55 12 16 
35 59 22 
38 17 56 
12 56 36 
49 51 36 
54 24 41 
35 8 34 
60 68 22 
35 4 33 
1 23 64 
50 5 19 
23 17 21 
13 17 67 
26 10 7 
26 5 20 
13 6 48 
7 68 51 
14 21 33 
7 6 20 
6 39 60 
26 56 4 
60 26 61 
58 24 27 
16 68 13 
8 28 24 
46 25 7 
16 22 18 
18 65 21 
19 18 22 
23 9 16 
52 58 26 
33 11 39 
12 31 22 
24 41 62 
35 59 19 
18 68 21 
18 31 23 
52 41 58 
38 51 32 
4 34 46 
28 59 49 
48 27 47 
13 5 53 
14 34 40 
36 47 65 
35 6 27 
27 66 12 
26 29 28 
11 16 46 
22 48 13 
30 9 42 
19 11 37 
28 62 53 
50 62 52 
26 22 54 
54 42 7 
32 16 43 
12 20 64 
44 3 50 
60 43 22 
60 26 28 
55 66 26 
42 14 3 
50 17 35 
11 18 16 
26 38 45 
10 32 17 
55 24 13 
42 50 12 
45 47 27 
6 7 26 
44 5 42 
8 2 23 
9 18 33 
18 20 24 
46 6 9 
41 46 44 
18 44 10 
28 1 54 
57 38 40 
26 37 32 
30 12 65 
30 48 38 
30 33 45 
33 22 39 
41 64 17 
55 53 17 
14 61 63 
63 47 8 
30 54 9 
43 18 68 
55 22 66 
67 19 3 
15 12 63 
15 16 11 
26 23 13 
32 36 33 
32 29 51 
43 50 4 
3 1 4 
42 4 13 
48 41 19 
44 41 64 
4 8 67 
26 30 33 
18 31 16 
64 2 28 
60 42 13 
58 25 27 
10 12 24 
15 22 16 
52 51 37 
55 6 49 
14 2 18 
40 16 21 
65 8 55 
32 47 9 
55 52 20 
40 54 59 
11 43 18 
4 5 24 
60 53 28 
40 58 48 
5 17 62 
62 33 37 
45 35 7 
13 42 37 
12 32 33 
54 43 66 
49 46 16 
59 20 56 
36 9 21 
18 35 45 
67 60 48 
35 22 8 
25 28 33 
47 42 50 
15 20 17 
58 4 43 
13 6 47 
46 44 51 
19 64 44 
40 53 60 
12 20 67 
11 37 41 
38 45 57 
50 3 59 
61 36 62 
36 54 57 
33 27 2 
28 34 45 
34 38 28 
61 51 66 
48 11 44 
59 53 3 
22 45 60 
41 6 65 
52 42 38 
65 41 36 
2 43 25 
23 47 18 
26 51 29 
16 28 62 
7 48 16 
50 3 37 
29 67 66 
26 23 10 
11 15 45 
57 27 61 
50 58 57 
3 21 7 
24 51 39 
65 62 42 
42 59 20 
27 8 25 
47 58 9 
7 31 22 
7 23 62 
51 66 33 
40 15 37 
27 7 21 
