5000
20 14 79 
49 95 52 
76 37 48 
85 43 87 
66 93 29 
11 97 78 
13 31 3 
37 20 79 
31 62 24 
90 28 5 
36 50 95 
36 41 65 
5 44 42 
68 35 19 
65 84 1 
90 73 19 
41 91 39 
89 43 38 
66 92 8 
59 55 93 
22 41 93 
91 60 2 
13 6 47 
89 12 48 
79 17 52 
35 8 48 
78 64 22 
31 53 26 
11 3 51 
13 30 59 
32 94 1 
12 16 55 
32 34 3 
64 12 33 
58 23 86 
31 24 70 
30 80 9 
14 76 36 
90 71 31 
41 19 48 
34 66 54 
39 63 32 
60 53 40 
33 1 50 
19 77 35 
41 36 91 
99 47 13 
26 50 47 
92 53 36 
12 85 93 
95 84 77 
90 37 78 
57 33 19 
20 67 58 
39 90 34 
10 15 95 
100 39 62 
4 13 42 
66 20 74 
61 67 19 
68 45 52 
51 63 36 
39 40 89 
13 16 68 
17 7 32 
26 65 94 
24 5 4 
28 94 18 
79 19 45 
26 4 56 
46 25 9 
20 15 26 
39 13 22 
7 38 5 
17 4 3 
39 54 43 
32 63 26 
89 43 14 
16 85 67 
98 71 77 
13 88 75 
38 65 69 
43 76 41 
12 81 76 
45 41 14 
74 41 36 
66 95 22 
64 30 31 
21 88 93 
83 16 41 
86 4 21 
64 48 42 
90 4 25 
92 23 24 
75 100 26 
23 87 95 
27 43 28 
7 58 35 
43 52 78 
32 33 43 
5 3 26 
92 24 36 
42 5 4 
66 72 77 
2 10 50 
8 62 84 
64 36 31 
97 43 47 
67 89 64 
23 99 24 
63 89 34 
14 15 86 
30 88 36 
42 13 37 
38 74 68 
72 64 73 
100 99 15 
78 97 10 
80 88 68 
72 34 35 
30 32 59 
31 1 12 
48 67 44 
92 95 84 
43 56 46 
3 99 17 
9 87 47 
27 75 21 
76 49 42 
22 17 19 
55 87 54 
36 40 82 
92 85 21 
46 9 30 
46 94 100 
8 45 95 
52 81 71 
85 19 80 
77 68 29 
32 1 77 
57 2 24 
45 28 41 
2 26 21 
66 68 38 
73 79 57 
23 22 32 
23 69 35 
94 72 33 
13 21 8 
18 78 15 
65 40 16 
27 45 15 
64 85 28 
52 54 84 
42 55 88 
14 21 33 
68 74 8 
7 47 62 
88 43 13 
75 55 54 
46 7 25 
43 99 26 
37 78 5 
70 22 82 
91 97 62 
61 83 18 
59 53 36 
83 79 36 
17 58 81 
25 49 62 
62 71 57 
21 81 17 
16 39 64 
31 35 6 
29 77 15 
72 40 14 
34 62 4 
98 77 2 
20 48 92 
58 90 56 
34 100 99 
6 19 95 
28 43 98 
76 84 50 
7 6 20 
52 40 19 
23 59 81 
44 63 33 
52 77 93 
37 15 66 
9 13 97 
22 48 79 
73 1 80 
62 51 73 
39 2 30 
83 47 78 
78 64 45 
75 76 41 
67 59 93 
29 17 60 
84 41 100 
48 15 8 
61 62 75 
47 31 15 
16 90 88 
75 91 41 
67 31 84 
61 43 10 
16 31 18 
47 90 46 
58 83 11 
10 52 80 
11 41 15 
7 8 24 
87 91 53 
70 82 79 
71 93 33 
96 64 30 
72 5 81 
68 17 92 
67 28 95 
68 56 9 
57 6 45 
36 29 4 
97 99 29 
94 73 2 
75 78 17 
75 83 29 
65 52 8 
93 7 18 
85 74 54 
22 97 62 
59 54 17 
52 97 79 
18 44 85 
59 78 72 
41 40 7 
52 56 75 
78 96 14 
4 34 57 
11 29 44 
33 16 5 
12 15 64 
80 68 92 
95 35 18 
4 51 57 
98 43 15 
36 87 29 
92 32 11 
37 66 45 
95 5 19 
25 56 18 
44 53 40 
73 92 63 
42 93 91 
80 10 61 
78 46 88 
62 90 12 
99 16 52 
80 94 52 
62 37 36 
84 22 62 
9 58 23 
13 32 72 
11 43 19 
49 20 2 
98 8 5 
5 14 37 
53 65 94 
67 24 23 
90 23 36 
64 43 40 
100 55 60 
29 100 20 
15 27 23 
31 81 82 
54 72 40 
14 92 94 
19 87 47 
71 69 33 
67 75 33 
67 7 75 
71 24 72 
79 63 20 
71 35 81 
76 48 25 
74 56 77 
93 84 81 
51 66 33 
14 96 82 
57 22 98 
57 87 31 
75 63 57 
41 11 37 
53 28 51 
7 29 36 
44 96 9 
12 75 67 
86 18 19 
42 25 94 
36 100 74 
14 19 17 
36 2 62 
86 17 88 
12 26 6 
68 9 37 
8 32 33 
46 6 2 
16 4 11 
51 56 18 
81 37 92 
39 53 29 
45 4 48 
22 58 33 
44 23 10 
77 54 65 
69 83 84 
99 47 8 
19 74 6 
36 33 78 
11 88 16 
27 4 78 
67 44 90 
21 62 66 
72 76 38 
52 24 9 
2 85 49 
89 45 22 
73 5 21 
54 9 30 
5 18 50 
35 80 6 
68 100 40 
28 78 85 
70 83 72 
54 73 91 
1 22 14 
69 84 21 
49 48 53 
79 62 14 
87 71 77 
3 71 48 
6 7 37 
8 83 72 
16 11 18 
59 43 4 
5 59 56 
3 39 51 
66 81 93 
47 41 5 
35 75 20 
64 22 97 
69 51 4 
77 60 45 
9 66 79 
14 5 8 
98 5 79 
34 46 4 
52 86 67 
47 58 9 
10 74 18 
77 84 26 
75 94 61 
49 17 63 
78 63 84 
89 13 46 
27 35 6 
65 24 85 
57 9 36 
70 67 46 
86 10 6 
36 30 7 
68 1 98 
8 74 69 
85 1 100 
42 77 33 
36 31 38 
20 96 43 
84 32 46 
72 28 11 
88 30 46 
69 9 84 
73 44 11 
74 32 46 
15 63 61 
18 69 8 
78 63 29 
71 79 43 
60 50 3 
36 75 5 
25 21 10 
65 31 50 
69 60 48 
47 80 98 
77 72 12 
29 31 25 
95 9 41 
66 13 60 
17 12 19 
63 54 61 
14 10 7 
72 96 90 
98 33 46 
63 22 99 
34 4 3 
89 21 43 
49 32 23 
28 53 65 
52 5 34 
55 95 25 
95 33 77 
72 45 73 
52 12 61 
23 9 16 
12 2 6 
59 95 47 
100 38 90 
86 69 62 
51 38 32 
82 47 54 
51 36 31 
61 10 63 
21 79 98 
79 44 94 
77 82 59 
17 68 62 
34 78 42 
66 55 57 
41 91 44 
46 26 5 
65 62 56 
85 84 87 
77 55 80 
25 33 73 
75 43 6 
11 98 69 
65 24 55 
90 66 79 
59 9 33 
32 89 95 
23 55 100 
45 38 15 
56 25 86 
1 32 73 
10 34 45 
30 78 29 
40 77 42 
89 61 88 
12 65 30 
4 27 25 
21 41 51 
65 82 74 
42 29 91 
91 47 58 
72 36 23 
49 42 46 
27 77 98 
69 17 62 
25 8 27 
89 1 31 
24 73 91 
81 39 31 
82 35 88 
35 71 39 
52 24 42 
80 49 61 
35 78 87 
3 72 67 
62 90 10 
42 1 44 
9 71 57 
71 41 81 
31 14 62 
58 78 95 
78 64 66 
89 48 25 
41 66 34 
22 77 2 
95 72 76 
74 92 20 
5 24 42 
97 5 67 
58 72 27 
61 11 37 
4 46 47 
85 77 63 
69 78 63 
76 96 94 
46 5 22 
62 93 61 
39 19 31 
16 46 85 
23 95 69 
71 98 3 
67 11 27 
19 46 40 
64 65 97 
21 2 65 
94 59 33 
97 22 50 
93 17 34 
65 12 90 
24 47 2 
85 43 4 
80 49 48 
83 26 7 
85 27 1 
5 44 38 
33 46 6 
83 20 30 
12 82 93 
25 85 61 
91 51 5 
87 31 71 
15 22 61 
30 65 87 
93 37 80 
85 81 80 
25 68 76 
46 24 15 
33 86 63 
7 63 49 
87 30 78 
29 66 4 
91 68 34 
35 63 76 
39 42 36 
19 99 71 
68 14 86 
74 6 78 
38 95 63 
57 46 31 
33 41 29 
14 62 26 
15 22 14 
78 77 91 
10 22 34 
9 80 85 
64 84 70 
49 58 52 
26 30 33 
70 72 68 
37 60 4 
93 10 89 
53 58 94 
29 80 27 
95 49 43 
44 94 30 
98 39 79 
59 34 19 
90 25 91 
66 43 74 
67 97 89 
70 44 93 
90 16 86 
51 80 90 
40 54 79 
52 7 14 
68 35 86 
38 73 67 
92 26 42 
7 53 40 
71 67 45 
12 66 27 
13 39 47 
98 75 61 
64 56 89 
93 25 87 
35 96 78 
84 100 82 
64 1 42 
25 35 42 
79 29 62 
99 79 30 
29 11 24 
85 100 6 
13 32 49 
86 24 72 
74 84 39 
41 84 90 
27 69 94 
9 70 46 
11 84 26 
75 54 35 
60 87 99 
55 40 52 
86 70 54 
85 77 20 
99 21 45 
94 39 60 
77 58 59 
23 3 45 
14 11 62 
27 31 44 
89 2 52 
3 26 57 
94 33 70 
71 2 27 
10 30 33 
76 36 62 
15 78 32 
61 90 95 
7 6 26 
71 88 33 
44 97 78 
35 49 64 
39 44 8 
97 12 23 
32 94 44 
41 72 58 
85 96 19 
35 99 64 
8 89 16 
22 65 10 
70 36 99 
4 100 3 
81 37 96 
15 58 6 
62 39 98 
100 98 95 
82 100 19 
63 2 6 
29 90 58 
9 50 92 
90 75 4 
35 96 86 
51 36 48 
99 84 9 
22 96 33 
4 14 15 
17 12 81 
10 35 68 
22 100 21 
96 73 58 
66 32 64 
57 68 97 
9 54 36 
71 80 37 
27 1 87 
79 25 97 
76 71 94 
67 23 5 
59 97 92 
16 70 40 
74 58 10 
40 60 69 
65 82 99 
75 44 50 
39 25 17 
16 66 40 
57 7 68 
24 48 22 
59 99 16 
24 8 28 
65 31 59 
29 1 79 
80 87 68 
48 52 13 
55 11 17 
52 39 25 
45 22 66 
47 67 58 
95 27 42 
78 84 71 
22 12 31 
50 93 38 
69 44 92 
28 88 72 
67 27 85 
76 82 57 
39 16 20 
7 9 66 
89 38 20 
51 52 37 
91 62 20 
86 91 23 
86 78 55 
27 46 34 
49 57 82 
13 10 47 
35 5 88 
24 6 87 
9 56 55 
14 11 100 
35 31 54 
24 66 12 
63 90 39 
41 53 29 
95 59 79 
16 65 25 
12 76 25 
76 69 40 
90 16 85 
24 14 10 
1 97 60 
48 87 23 
55 31 21 
10 19 64 
15 43 47 
53 59 80 
8 93 45 
42 75 68 
73 17 99 
12 16 92 
55 64 100 
14 77 98 
39 54 25 
3 45 81 
89 86 88 
98 33 26 
89 14 22 
50 17 85 
27 81 23 
69 17 49 
60 57 5 
78 51 66 
83 16 39 
86 73 53 
96 41 68 
93 21 2 
46 6 9 
1 65 24 
85 33 12 
17 9 7 
18 58 13 
18 59 80 
35 36 67 
100 51 96 
23 8 2 
18 43 98 
38 70 28 
100 68 2 
60 73 41 
33 84 74 
29 67 66 
62 53 34 
50 11 56 
67 60 81 
52 16 93 
20 32 25 
54 25 97 
29 56 24 
23 34 84 
22 24 36 
42 12 27 
44 1 20 
69 45 15 
68 11 13 
32 47 48 
73 47 30 
43 12 71 
52 87 53 
73 36 7 
83 47 29 
90 84 51 
30 100 18 
97 73 10 
1 82 76 
83 41 34 
31 69 15 
88 52 2 
71 72 90 
17 9 38 
98 77 82 
33 89 76 
83 75 78 
70 60 69 
96 64 34 
70 83 71 
16 82 63 
47 32 9 
65 51 6 
69 18 62 
14 90 100 
80 91 47 
37 87 19 
62 61 48 
8 30 42 
35 78 39 
6 19 82 
12 4 26 
16 24 59 
10 85 99 
65 89 57 
90 27 71 
88 97 64 
17 65 25 
22 93 66 
38 21 60 
44 85 95 
51 12 43 
63 26 71 
29 31 9 
73 70 83 
31 14 37 
74 5 92 
42 86 98 
97 26 22 
93 85 86 
72 29 27 
60 3 90 
86 88 100 
77 40 96 
2 3 67 
81 18 45 
86 72 48 
39 2 60 
51 90 10 
26 65 38 
40 23 67 
71 93 36 
61 4 12 
2 89 74 
3 24 63 
3 26 85 
71 61 79 
62 1 51 
90 68 66 
67 86 40 
86 5 6 
100 62 18 
100 94 74 
96 4 76 
20 62 7 
63 49 95 
71 85 92 
58 70 96 
100 96 40 
73 65 83 
77 20 82 
82 36 60 
44 24 25 
34 2 15 
37 4 96 
70 90 88 
62 19 93 
28 69 34 
81 97 31 
75 43 28 
29 51 75 
23 5 79 
68 44 84 
8 16 29 
8 18 48 
39 31 54 
73 27 31 
99 19 90 
89 22 40 
34 87 46 
34 87 84 
47 27 45 
35 83 86 
98 28 6 
12 30 37 
21 53 49 
17 65 79 
92 19 86 
55 64 21 
5 36 4 
70 42 74 
14 12 1 
2 41 32 
10 56 91 
41 88 76 
92 3 90 
67 84 70 
62 82 47 
77 82 34 
34 8 91 
42 50 12 
6 45 21 
68 80 24 
43 35 91 
13 92 98 
18 1 70 
6 73 67 
23 66 1 
20 11 70 
71 52 95 
84 25 30 
33 45 49 
85 74 91 
98 68 89 
3 74 86 
66 27 64 
2 22 40 
3 48 21 
13 64 80 
29 33 89 
23 88 12 
95 21 83 
24 30 86 
28 16 62 
93 8 34 
95 13 91 
55 31 52 
97 62 75 
28 80 76 
74 76 35 
31 21 91 
41 67 3 
25 13 2 
2 65 78 
84 22 37 
73 1 35 
10 100 69 
7 73 67 
81 78 96 
70 58 22 
43 13 36 
2 50 62 
38 30 48 
20 97 93 
30 71 41 
55 86 57 
44 93 18 
17 43 27 
45 43 10 
13 21 71 
87 67 50 
66 64 19 
23 18 47 
63 49 62 
42 99 29 
82 26 42 
70 84 48 
49 46 71 
24 28 74 
87 76 58 
94 29 98 
53 98 46 
47 70 90 
67 6 32 
66 23 99 
70 15 82 
93 76 95 
63 8 23 
4 75 93 
8 88 30 
91 78 97 
73 29 38 
59 27 33 
69 20 45 
32 7 91 
23 62 14 
23 70 9 
76 71 84 
78 69 29 
35 58 81 
60 56 9 
85 82 31 
94 58 24 
54 88 82 
45 66 24 
73 35 18 
23 98 55 
62 90 55 
34 5 37 
62 53 28 
10 2 94 
31 82 72 
11 100 27 
86 28 77 
1 97 78 
29 12 99 
4 35 1 
37 46 18 
90 14 85 
11 66 69 
33 4 35 
62 89 15 
8 9 37 
93 96 22 
49 38 72 
65 81 86 
37 30 86 
77 67 8 
62 78 77 
31 51 78 
72 75 65 
69 98 28 
76 32 49 
33 31 13 
83 33 47 
60 97 47 
80 47 8 
9 50 38 
37 84 70 
95 40 80 
68 72 18 
28 24 60 
76 3 84 
64 45 83 
43 25 96 
41 4 40 
54 38 66 
19 48 24 
71 3 15 
39 2 20 
23 26 30 
100 22 59 
16 18 59 
39 71 15 
19 86 55 
36 12 14 
40 17 67 
95 78 42 
35 66 47 
30 43 2 
85 81 22 
25 81 21 
81 21 60 
55 13 24 
82 63 87 
74 93 91 
22 75 35 
80 3 82 
18 83 63 
84 48 29 
67 13 75 
10 63 48 
69 78 75 
96 69 53 
55 53 61 
45 58 15 
31 97 90 
74 76 54 
89 48 44 
3 34 72 
42 60 13 
57 9 51 
32 100 75 
26 4 65 
71 22 34 
41 98 96 
43 37 87 
84 87 89 
67 75 58 
17 31 29 
92 48 5 
31 9 66 
27 58 16 
86 4 81 
72 46 74 
17 15 20 
46 29 91 
62 51 21 
79 22 50 
27 100 34 
99 25 51 
29 75 20 
92 24 8 
10 90 87 
13 22 42 
74 41 48 
4 94 33 
9 14 97 
77 20 60 
52 26 58 
4 3 1 
10 66 22 
54 27 9 
76 57 1 
89 97 27 
24 66 41 
64 9 45 
22 98 93 
77 91 53 
33 38 47 
100 22 87 
96 58 25 
25 62 13 
16 67 76 
99 24 49 
57 47 22 
69 34 83 
64 33 93 
40 79 85 
57 13 59 
44 84 62 
36 58 5 
43 61 63 
47 48 51 
68 49 39 
57 19 44 
45 20 53 
54 59 62 
100 91 42 
52 64 28 
55 41 19 
23 20 18 
29 7 100 
18 71 56 
59 72 12 
39 85 50 
56 86 93 
40 53 19 
66 61 53 
20 71 62 
26 15 66 
38 87 18 
38 18 42 
8 63 47 
71 14 9 
18 3 99 
78 80 37 
12 58 92 
32 57 84 
84 38 34 
81 36 26 
92 88 90 
82 41 34 
52 7 61 
64 49 18 
76 29 84 
49 66 40 
34 43 75 
97 98 83 
27 42 39 
97 10 24 
25 22 31 
26 6 69 
24 88 37 
31 64 88 
1 60 30 
45 23 44 
23 52 75 
65 93 64 
15 56 17 
14 2 4 
48 90 24 
93 73 8 
43 84 75 
67 100 78 
100 93 58 
69 98 19 
21 3 75 
2 25 85 
19 66 31 
48 12 14 
13 20 5 
12 88 16 
94 43 68 
71 88 36 
41 33 37 
5 29 83 
47 7 46 
14 76 97 
18 51 95 
26 34 2 
71 43 70 
69 57 3 
36 2 50 
54 66 46 
55 72 87 
75 16 88 
80 42 39 
13 17 39 
73 29 53 
45 29 38 
37 8 24 
65 82 89 
27 38 39 
14 94 77 
93 77 72 
29 65 97 
59 29 25 
77 66 71 
45 10 60 
55 41 45 
21 30 95 
2 81 26 
58 8 71 
19 72 49 
86 64 94 
77 99 6 
67 36 75 
6 69 9 
23 94 12 
57 45 49 
73 86 95 
79 80 45 
26 16 40 
25 11 53 
8 55 65 
10 62 35 
59 14 61 
39 53 79 
84 35 59 
53 18 70 
18 4 28 
23 13 38 
85 69 75 
100 10 65 
36 55 100 
30 2 100 
87 26 80 
76 69 52 
1 56 66 
22 41 1 
33 86 55 
55 50 87 
77 57 3 
6 20 48 
64 74 39 
19 44 64 
79 58 25 
69 41 61 
44 18 10 
76 67 29 
80 19 64 
22 51 80 
51 60 80 
5 75 27 
61 67 63 
40 60 6 
94 19 70 
91 57 96 
97 23 8 
7 53 46 
46 28 94 
34 16 65 
82 54 8 
99 51 32 
69 72 41 
7 75 1 
97 3 5 
65 64 18 
2 29 73 
63 74 96 
71 15 22 
30 45 98 
52 72 36 
1 100 34 
63 99 18 
35 91 78 
12 3 79 
61 70 96 
74 17 79 
58 36 83 
72 18 26 
49 31 21 
87 62 27 
26 45 99 
31 69 16 
11 2 20 
100 86 64 
98 79 58 
48 51 60 
74 29 4 
22 59 89 
74 37 7 
17 24 61 
3 65 69 
29 67 62 
67 11 19 
78 88 53 
53 84 74 
12 27 28 
78 11 58 
25 91 38 
15 16 71 
27 7 65 
13 77 26 
47 30 36 
17 32 10 
54 86 15 
92 35 89 
94 62 34 
54 70 40 
26 90 89 
73 43 14 
18 7 53 
33 62 17 
48 1 67 
8 27 12 
77 61 66 
16 7 70 
21 45 2 
16 71 39 
34 85 92 
30 36 71 
51 42 58 
69 65 31 
28 37 81 
15 79 4 
47 36 54 
24 34 29 
37 26 20 
69 84 77 
16 70 49 
51 62 88 
25 2 18 
18 80 73 
69 73 90 
2 38 64 
13 53 5 
53 80 90 
73 12 23 
34 18 58 
85 30 46 
72 81 66 
58 97 26 
73 48 27 
27 88 92 
30 16 75 
89 29 14 
89 41 80 
95 88 59 
80 27 46 
9 14 90 
66 56 8 
12 59 70 
44 22 10 
72 98 92 
1 88 6 
47 38 50 
62 97 27 
37 88 11 
49 70 46 
2 16 30 
97 7 35 
56 100 84 
70 5 59 
2 25 30 
29 78 36 
94 22 74 
6 74 77 
42 37 96 
76 80 10 
2 6 9 
11 13 23 
38 42 52 
15 82 68 
95 89 38 
22 1 20 
25 80 28 
4 87 84 
62 33 57 
59 66 70 
100 42 46 
35 51 26 
7 54 42 
9 4 82 
30 28 88 
30 85 67 
10 88 9 
5 39 7 
42 5 31 
83 60 100 
97 58 99 
61 14 63 
40 16 21 
48 16 14 
14 19 1 
32 53 94 
30 1 62 
11 16 95 
15 66 33 
12 26 3 
81 43 26 
84 46 9 
24 56 75 
43 2 78 
19 8 76 
1 71 43 
13 19 40 
67 18 39 
34 11 100 
89 20 24 
68 52 29 
34 5 48 
24 22 74 
63 83 36 
97 40 99 
28 34 6 
97 45 5 
70 85 1 
36 63 87 
33 77 14 
96 62 73 
87 91 76 
92 5 54 
69 48 20 
90 68 15 
80 82 95 
72 22 78 
71 80 5 
27 76 38 
54 85 30 
30 65 21 
57 40 34 
24 82 95 
31 94 78 
80 91 13 
43 47 88 
46 97 56 
71 80 65 
1 34 28 
19 88 86 
81 22 55 
42 5 18 
97 5 11 
78 50 5 
93 16 30 
65 56 44 
65 1 99 
73 3 42 
11 100 13 
53 90 65 
89 3 44 
68 21 18 
32 90 60 
75 77 11 
96 44 72 
64 28 2 
3 93 44 
60 7 67 
12 3 7 
27 40 11 
86 38 75 
66 85 46 
72 47 82 
3 19 33 
46 49 65 
5 76 10 
22 5 32 
21 31 24 
60 85 49 
59 49 95 
98 82 57 
65 22 57 
51 21 56 
86 11 77 
90 6 8 
29 58 31 
92 96 43 
36 95 96 
57 83 21 
2 8 54 
69 45 80 
90 76 39 
16 69 26 
14 5 76 
94 4 97 
94 98 3 
9 47 73 
53 84 73 
14 99 77 
84 39 32 
74 83 59 
37 96 30 
71 69 2 
14 95 63 
10 36 6 
64 37 24 
37 71 30 
20 93 46 
80 11 54 
28 46 99 
67 19 3 
99 48 55 
37 8 6 
28 25 65 
98 42 29 
24 80 69 
37 5 15 
33 80 15 
54 84 80 
100 56 98 
27 15 62 
33 94 3 
13 19 39 
68 4 27 
26 54 48 
64 92 21 
68 43 22 
28 85 54 
1 23 82 
9 20 7 
38 91 37 
54 9 90 
2 60 16 
42 14 44 
97 96 41 
44 13 17 
38 46 80 
3 16 59 
4 56 32 
23 38 5 
82 96 11 
13 39 4 
26 6 45 
44 3 10 
71 82 21 
11 96 41 
23 56 100 
66 60 3 
97 23 21 
93 6 29 
32 27 10 
38 8 79 
36 62 17 
21 28 10 
39 79 38 
4 100 34 
2 49 69 
38 42 19 
63 99 29 
97 1 71 
40 13 17 
95 17 20 
76 67 94 
80 8 65 
10 19 1 
8 78 74 
67 55 92 
50 11 18 
73 50 10 
25 94 39 
65 36 47 
64 44 4 
41 44 64 
55 22 25 
92 58 55 
53 90 41 
90 14 68 
3 63 76 
52 40 64 
97 12 2 
40 62 80 
38 65 33 
51 87 84 
77 66 6 
34 10 38 
38 81 82 
42 87 24 
85 18 33 
6 73 63 
15 19 3 
87 45 73 
73 74 45 
19 69 78 
34 87 100 
66 83 61 
78 81 20 
35 40 36 
70 35 80 
30 38 35 
11 47 72 
80 12 62 
9 34 49 
76 82 70 
97 17 77 
49 93 27 
36 34 20 
83 64 96 
64 58 85 
43 96 46 
64 7 24 
97 27 99 
32 43 16 
41 94 84 
18 51 32 
12 28 11 
54 34 25 
63 18 8 
29 51 32 
98 20 45 
6 96 50 
25 11 8 
2 49 75 
75 80 27 
61 76 90 
12 48 99 
70 60 3 
20 96 25 
87 8 59 
97 42 99 
9 42 89 
24 18 15 
17 96 80 
58 44 73 
99 83 13 
71 36 84 
81 65 94 
10 31 20 
2 41 52 
79 56 82 
67 74 25 
56 47 85 
86 5 76 
32 66 23 
34 9 77 
51 52 28 
32 54 80 
69 59 27 
84 100 79 
48 72 58 
89 11 88 
10 29 74 
87 71 28 
40 48 78 
17 68 100 
94 34 95 
97 98 36 
86 37 5 
3 50 76 
7 15 97 
81 42 38 
2 26 28 
51 17 52 
59 61 56 
86 4 8 
72 16 1 
76 45 84 
20 90 53 
59 53 3 
84 30 96 
47 66 11 
82 37 12 
33 21 31 
25 53 17 
95 54 90 
69 91 87 
85 8 46 
54 22 26 
58 80 65 
47 90 16 
88 90 15 
7 60 12 
6 7 9 
37 92 75 
59 25 95 
11 81 93 
30 17 19 
65 94 84 
76 17 61 
6 59 58 
50 82 93 
27 46 95 
20 8 79 
70 15 72 
28 44 98 
16 5 15 
84 48 4 
45 41 33 
91 68 15 
81 53 60 
60 63 20 
47 86 41 
95 84 59 
97 40 48 
77 79 40 
85 87 56 
64 9 36 
39 58 15 
71 67 18 
26 79 68 
65 73 47 
53 64 2 
56 57 39 
38 56 55 
34 75 94 
71 32 18 
81 56 32 
99 90 2 
26 77 21 
35 26 63 
91 55 14 
41 46 44 
8 28 5 
8 96 14 
74 77 55 
8 19 25 
49 30 45 
19 45 5 
13 35 31 
20 52 55 
84 59 13 
11 33 39 
99 57 37 
7 52 83 
3 56 82 
60 68 31 
69 72 46 
43 42 1 
8 92 77 
93 44 82 
22 77 29 
98 50 76 
90 27 81 
27 58 24 
25 88 78 
42 23 100 
62 89 98 
36 67 76 
10 56 43 
2 6 16 
85 96 30 
9 60 28 
15 35 45 
20 48 23 
18 26 64 
41 67 36 
53 98 22 
53 51 4 
33 2 22 
44 5 54 
28 22 53 
12 1 79 
35 68 66 
2 43 25 
46 78 73 
63 15 12 
8 86 52 
79 23 91 
41 66 2 
78 7 84 
51 49 33 
98 48 86 
66 95 24 
66 86 29 
43 95 71 
44 51 54 
64 84 28 
40 41 57 
60 69 87 
24 29 93 
93 84 27 
31 56 57 
81 60 46 
3 50 59 
18 87 52 
46 16 11 
1 88 99 
29 97 84 
3 17 39 
9 31 20 
40 54 59 
16 81 62 
34 63 76 
9 7 4 
33 75 74 
17 66 22 
11 40 64 
60 7 73 
29 18 22 
21 6 31 
73 85 43 
59 30 27 
33 47 62 
14 89 19 
16 67 46 
67 81 74 
48 98 74 
39 66 43 
90 5 35 
29 23 60 
78 8 48 
40 45 89 
37 15 29 
67 13 17 
71 73 64 
4 78 10 
22 53 88 
36 8 25 
69 68 14 
20 76 38 
91 50 25 
89 6 91 
32 79 14 
49 98 59 
58 12 63 
97 72 61 
25 21 1 
28 56 35 
100 26 62 
60 93 72 
82 24 25 
80 94 69 
39 17 8 
84 97 86 
96 43 51 
33 19 16 
75 21 88 
49 22 58 
11 99 18 
26 56 69 
33 34 3 
22 48 13 
19 97 100 
88 2 55 
90 94 38 
55 21 72 
28 45 14 
100 53 93 
50 21 14 
5 58 30 
5 32 26 
62 29 37 
37 16 87 
1 46 39 
93 26 98 
3 81 17 
31 41 6 
74 92 29 
68 16 72 
50 82 85 
100 29 62 
29 51 14 
67 34 13 
98 84 4 
4 12 49 
30 86 99 
17 61 100 
17 32 1 
13 33 74 
53 98 27 
71 67 20 
21 22 23 
57 53 13 
9 26 28 
74 35 23 
13 94 24 
46 53 37 
4 42 68 
98 84 86 
55 13 67 
92 56 14 
70 92 71 
22 43 26 
66 27 63 
64 13 67 
13 62 75 
64 98 73 
14 48 85 
81 50 32 
63 18 73 
7 44 36 
22 68 96 
39 12 37 
49 60 6 
46 56 31 
30 57 88 
35 11 60 
93 47 86 
1 44 47 
29 4 8 
96 63 76 
100 19 89 
98 7 39 
22 8 51 
43 78 75 
53 14 95 
24 94 91 
83 37 27 
29 21 28 
39 53 32 
74 55 40 
46 33 50 
65 42 62 
33 52 65 
14 50 100 
29 2 10 
43 11 33 
64 15 4 
16 79 37 
93 88 13 
8 87 25 
49 16 19 
81 94 49 
10 79 9 
72 29 85 
79 11 46 
47 48 64 
85 12 15 
75 14 59 
68 78 85 
32 50 84 
62 74 23 
16 48 37 
85 82 70 
64 53 93 
79 3 44 
85 19 3 
35 47 95 
73 82 52 
82 33 55 
89 13 33 
10 16 85 
56 80 98 
93 24 5 
32 99 2 
24 86 67 
87 22 97 
46 97 100 
49 34 39 
83 48 4 
37 26 99 
53 15 67 
52 71 1 
40 69 19 
6 25 64 
27 20 58 
72 93 54 
78 53 47 
91 22 71 
4 53 17 
90 67 70 
58 45 98 
48 78 73 
14 11 45 
14 3 65 
3 64 100 
71 31 20 
97 96 37 
78 43 62 
44 50 31 
68 3 19 
17 12 41 
22 42 61 
93 37 38 
79 8 56 
91 65 32 
57 34 6 
76 69 36 
64 63 83 
68 78 86 
68 30 16 
15 64 77 
30 77 37 
69 3 95 
59 28 49 
46 81 79 
40 3 19 
5 78 47 
16 31 5 
62 37 67 
66 99 62 
35 27 78 
79 16 61 
25 1 11 
63 99 16 
10 94 79 
61 40 13 
84 53 97 
9 62 17 
78 18 99 
56 28 73 
23 48 11 
60 71 6 
67 1 4 
18 43 85 
29 45 65 
46 30 23 
86 94 99 
31 100 16 
49 4 46 
80 59 2 
36 50 5 
94 8 66 
62 17 73 
50 57 70 
62 89 11 
65 27 97 
26 23 35 
90 27 83 
30 39 45 
70 38 66 
90 82 45 
93 88 53 
16 40 73 
27 58 25 
1 37 81 
81 34 45 
10 2 9 
11 53 59 
24 15 26 
12 60 38 
87 91 100 
39 78 16 
71 98 56 
4 47 10 
7 91 74 
55 34 56 
21 81 9 
29 94 39 
79 3 88 
79 88 66 
23 49 75 
86 73 1 
72 33 82 
52 11 32 
15 87 82 
66 99 9 
5 6 42 
68 79 17 
41 42 82 
5 21 19 
21 70 37 
59 85 56 
28 69 1 
94 11 57 
60 46 74 
47 25 78 
78 41 68 
34 53 35 
41 1 94 
58 98 29 
4 80 68 
21 43 65 
96 71 33 
23 99 11 
39 38 21 
70 88 84 
21 100 8 
1 18 13 
20 50 88 
84 94 22 
35 94 88 
47 67 42 
6 80 83 
78 56 4 
2 3 93 
27 48 33 
74 32 41 
52 51 64 
47 27 50 
28 70 6 
89 37 55 
44 24 71 
48 30 86 
28 65 27 
71 69 25 
10 75 67 
61 73 16 
86 75 1 
20 78 35 
23 7 48 
70 81 36 
79 74 82 
40 90 51 
22 28 67 
25 2 91 
58 97 86 
21 32 9 
65 54 59 
6 26 42 
85 11 38 
4 49 68 
41 35 87 
79 75 94 
89 94 87 
2 15 50 
17 3 62 
59 40 67 
49 96 83 
51 39 22 
59 73 3 
29 9 22 
17 97 79 
18 97 62 
65 39 99 
65 71 41 
32 26 37 
16 61 100 
51 36 49 
83 88 9 
16 1 41 
53 62 78 
92 49 38 
60 67 46 
56 90 31 
56 13 90 
73 84 33 
99 87 75 
49 69 68 
62 58 27 
43 83 67 
57 72 25 
17 5 62 
86 88 52 
30 81 99 
77 21 49 
26 32 24 
61 22 27 
37 27 87 
54 14 97 
18 78 86 
66 38 63 
61 25 89 
45 66 4 
43 60 22 
74 82 9 
77 83 99 
15 99 7 
87 59 36 
53 52 83 
29 82 74 
64 1 23 
24 4 3 
10 20 73 
59 9 41 
52 13 23 
15 48 30 
74 51 55 
33 93 44 
34 77 36 
17 27 97 
83 5 20 
39 74 87 
36 38 27 
74 96 85 
55 86 34 
66 52 72 
35 16 63 
95 76 84 
23 26 10 
1 20 30 
60 4 58 
89 81 32 
30 38 21 
80 23 94 
24 19 32 
25 20 43 
20 89 63 
11 91 24 
72 100 74 
18 80 90 
73 49 85 
57 60 78 
74 25 78 
81 33 26 
20 94 44 
39 87 6 
25 27 82 
14 12 79 
25 44 99 
8 12 48 
74 89 60 
75 25 62 
98 44 34 
93 44 90 
49 91 77 
2 9 40 
42 7 50 
44 60 7 
7 70 42 
57 36 56 
24 58 74 
98 91 88 
83 81 8 
68 59 73 
27 80 35 
75 54 63 
35 1 50 
34 28 41 
36 58 79 
97 44 1 
72 76 37 
62 51 98 
50 56 19 
36 76 35 
3 100 7 
85 25 21 
26 60 17 
66 13 83 
84 52 81 
59 6 68 
93 81 80 
11 1 38 
56 95 13 
78 3 49 
22 98 69 
47 27 41 
7 2 1 
33 14 69 
44 63 5 
72 88 65 
28 13 31 
45 51 91 
46 43 93 
67 15 31 
16 82 83 
51 50 37 
29 10 94 
77 92 99 
90 84 20 
57 45 31 
59 26 17 
73 39 51 
90 29 33 
61 26 82 
84 94 5 
19 76 23 
15 78 46 
42 6 16 
91 39 50 
96 59 33 
35 40 28 
84 94 87 
45 38 23 
84 30 15 
31 96 30 
68 79 12 
25 65 75 
81 23 52 
17 96 32 
93 36 68 
21 68 91 
57 28 61 
2 19 7 
10 19 72 
33 97 59 
36 19 1 
87 88 41 
84 53 16 
94 68 52 
4 40 74 
12 49 100 
89 47 51 
57 97 12 
9 71 65 
85 37 47 
59 16 33 
63 39 98 
9 62 1 
51 68 76 
99 53 44 
61 29 27 
45 28 56 
67 42 74 
88 23 65 
3 95 67 
70 28 61 
36 47 100 
25 79 13 
68 19 18 
93 8 96 
3 37 33 
57 2 25 
81 51 44 
77 42 62 
69 37 66 
70 5 81 
31 90 47 
34 22 23 
5 65 31 
97 30 39 
47 64 79 
11 77 31 
84 83 97 
14 2 62 
14 45 68 
3 26 15 
61 52 72 
35 99 2 
25 70 17 
8 92 5 
58 66 70 
57 87 24 
55 99 63 
84 60 6 
21 78 2 
69 27 45 
37 49 80 
51 61 66 
94 72 40 
54 15 51 
37 22 63 
26 44 49 
25 62 27 
35 33 91 
25 100 2 
14 12 75 
64 99 51 
50 90 58 
40 98 65 
65 10 74 
61 4 71 
75 88 23 
23 46 36 
99 44 79 
73 5 76 
97 24 14 
68 92 29 
77 51 48 
42 26 25 
72 45 33 
19 14 91 
5 26 20 
39 12 48 
23 11 74 
45 43 56 
16 47 30 
75 60 55 
9 11 25 
85 7 4 
77 94 41 
44 20 26 
24 3 35 
17 22 71 
71 68 35 
93 66 79 
69 29 99 
65 85 22 
42 3 46 
14 64 52 
75 41 27 
4 8 67 
34 89 71 
96 19 61 
49 1 70 
80 62 26 
20 94 9 
38 44 88 
27 2 99 
13 8 27 
39 87 85 
25 56 42 
68 19 92 
44 35 56 
89 44 11 
71 15 11 
20 79 72 
98 48 8 
69 52 35 
36 14 62 
13 21 55 
98 25 51 
45 96 82 
53 9 70 
71 27 23 
40 82 67 
24 65 5 
83 10 47 
68 15 48 
40 94 1 
21 12 56 
61 37 39 
26 96 31 
33 37 21 
70 95 72 
100 88 70 
18 71 86 
80 81 74 
70 11 89 
39 100 33 
46 58 4 
72 17 6 
98 23 76 
17 44 97 
100 78 90 
83 100 22 
52 44 27 
41 25 78 
9 76 73 
15 19 71 
3 60 100 
8 60 6 
50 7 96 
5 41 25 
26 28 29 
99 48 22 
35 51 4 
87 71 40 
19 61 57 
30 97 58 
81 24 87 
65 29 68 
46 95 60 
51 45 30 
39 27 91 
28 81 27 
10 47 21 
89 1 80 
9 22 12 
42 78 76 
20 93 64 
29 96 94 
26 40 28 
75 79 89 
29 14 66 
70 62 27 
75 45 60 
95 13 43 
83 42 23 
15 95 56 
24 41 62 
10 87 39 
19 54 44 
23 69 31 
82 39 13 
61 21 19 
5 87 84 
74 56 5 
9 32 92 
67 25 9 
58 34 61 
10 70 8 
62 39 73 
66 64 4 
42 50 47 
96 73 46 
91 46 70 
50 5 19 
12 72 54 
82 80 48 
59 95 5 
44 36 53 
77 53 84 
75 59 43 
76 63 29 
29 87 12 
65 89 14 
6 22 2 
98 46 38 
51 61 78 
46 66 18 
32 94 29 
15 58 94 
75 88 24 
59 31 48 
44 64 76 
93 95 45 
73 68 82 
74 33 34 
26 20 96 
32 27 56 
22 27 18 
26 43 15 
13 83 85 
99 93 55 
45 91 31 
72 11 2 
66 7 17 
87 47 79 
30 77 45 
20 16 88 
29 19 1 
76 46 68 
66 11 64 
46 7 24 
73 58 89 
78 53 51 
84 88 50 
22 80 24 
7 82 69 
18 31 23 
74 24 77 
4 46 74 
73 25 6 
9 61 75 
23 31 73 
98 24 15 
24 1 15 
28 26 60 
10 58 81 
86 97 39 
4 8 10 
37 62 11 
100 45 37 
40 45 61 
58 99 17 
8 7 3 
54 28 1 
40 58 42 
95 79 82 
7 74 19 
95 86 42 
8 7 68 
33 53 11 
68 75 38 
100 95 17 
42 33 44 
55 98 1 
44 90 40 
83 7 92 
42 8 24 
96 74 62 
50 19 66 
67 30 17 
78 80 76 
15 27 22 
93 50 83 
33 50 39 
18 78 27 
89 82 34 
95 42 76 
3 51 54 
84 80 82 
84 55 56 
67 81 25 
51 58 29 
60 26 61 
36 5 27 
73 92 25 
27 31 25 
23 43 64 
78 3 96 
75 37 40 
65 6 41 
18 63 39 
41 25 96 
8 94 36 
71 83 67 
1 51 15 
22 32 82 
65 95 49 
72 89 15 
100 25 96 
70 58 78 
10 64 65 
47 55 88 
14 47 5 
93 2 23 
65 11 54 
90 15 23 
67 28 98 
23 61 53 
16 84 20 
71 3 89 
76 77 5 
76 62 82 
40 66 52 
72 98 96 
32 1 99 
56 14 93 
57 85 66 
36 13 34 
55 67 14 
68 12 84 
4 91 19 
50 12 93 
62 36 61 
35 69 40 
85 3 29 
1 55 99 
60 86 35 
17 81 71 
71 100 24 
32 4 75 
64 25 34 
40 94 10 
97 42 26 
68 16 48 
78 9 58 
15 35 42 
99 86 71 
20 21 11 
16 11 35 
89 45 52 
93 38 68 
24 54 41 
11 56 39 
27 16 84 
2 91 39 
72 78 40 
74 21 25 
91 70 42 
10 66 24 
5 52 77 
44 16 63 
8 81 1 
89 68 94 
39 31 60 
44 94 26 
34 19 37 
44 49 80 
93 83 63 
28 85 62 
11 45 95 
40 66 78 
21 80 8 
49 58 80 
57 41 23 
41 39 60 
41 67 61 
45 18 35 
96 74 9 
68 98 17 
83 4 94 
54 78 76 
52 3 1 
50 10 21 
85 48 4 
80 46 47 
86 31 6 
91 36 64 
52 66 29 
34 47 84 
24 51 29 
93 68 90 
40 9 10 
15 14 1 
91 93 11 
73 41 85 
87 15 97 
40 60 4 
18 89 67 
69 13 80 
62 81 98 
49 94 29 
12 99 4 
24 51 76 
86 21 91 
18 87 81 
11 39 81 
2 44 76 
38 48 43 
100 96 82 
88 11 54 
81 1 55 
93 80 63 
98 24 31 
7 94 84 
46 68 66 
57 93 21 
98 40 45 
17 65 35 
21 84 92 
70 42 89 
66 81 49 
71 48 93 
86 7 80 
98 99 7 
37 53 8 
91 66 26 
89 39 42 
74 95 70 
44 30 54 
7 6 78 
2 1 82 
14 78 71 
7 32 84 
23 14 69 
94 86 91 
87 19 91 
10 5 47 
2 7 15 
83 41 79 
51 39 24 
57 91 100 
86 70 25 
53 63 44 
49 50 17 
95 16 33 
39 71 23 
44 22 31 
13 60 74 
100 87 85 
7 34 29 
68 10 40 
39 22 33 
43 82 63 
36 7 51 
30 51 77 
35 8 65 
90 80 4 
4 35 22 
72 79 1 
7 48 69 
44 46 51 
84 53 15 
3 43 72 
90 19 71 
8 7 96 
20 69 16 
81 96 64 
78 66 4 
43 4 50 
31 66 17 
16 49 69 
54 24 98 
4 55 74 
12 96 10 
31 56 40 
76 62 56 
64 67 47 
99 21 55 
70 65 80 
88 30 90 
1 44 76 
2 98 55 
55 42 7 
68 62 99 
20 39 97 
21 56 92 
18 81 63 
12 71 64 
30 43 99 
45 96 97 
38 39 89 
7 16 48 
40 15 94 
93 8 98 
54 34 26 
42 48 2 
39 90 32 
32 78 31 
55 53 35 
70 1 83 
22 93 59 
46 10 67 
13 20 40 
64 24 11 
24 96 78 
47 15 56 
89 55 88 
52 64 55 
31 53 48 
97 12 24 
32 30 7 
9 51 97 
64 10 43 
62 18 60 
69 95 14 
41 60 49 
60 44 58 
36 16 63 
22 17 31 
36 14 78 
57 82 99 
33 60 62 
70 63 99 
1 74 24 
45 24 37 
84 37 33 
86 94 85 
25 46 72 
64 29 98 
64 86 40 
45 7 35 
80 55 10 
30 16 80 
62 28 89 
20 42 59 
4 91 13 
93 29 79 
15 97 54 
7 84 68 
38 79 7 
68 33 44 
48 52 79 
37 31 77 
75 88 55 
72 6 20 
98 5 91 
47 33 3 
5 23 86 
56 87 46 
39 35 76 
80 84 16 
13 9 4 
1 30 36 
65 58 8 
53 71 86 
25 11 43 
16 84 3 
67 26 82 
40 19 7 
76 67 79 
29 81 80 
24 20 18 
26 91 19 
53 49 93 
54 1 95 
44 3 50 
8 92 11 
52 70 29 
91 55 48 
69 8 50 
67 20 12 
35 38 45 
25 17 34 
8 51 20 
16 43 81 
65 52 64 
86 17 70 
73 38 52 
62 93 28 
75 9 47 
13 27 46 
23 93 44 
83 14 38 
25 39 84 
29 65 39 
78 8 52 
86 71 25 
96 70 30 
52 70 15 
46 60 21 
2 90 65 
90 58 73 
68 34 20 
39 36 79 
41 9 76 
97 24 15 
22 99 60 
97 44 66 
6 65 24 
90 37 71 
25 4 65 
100 25 61 
26 4 91 
54 15 24 
88 34 52 
78 50 34 
84 61 33 
22 82 98 
99 47 56 
33 62 8 
49 1 48 
61 66 78 
99 34 88 
69 10 84 
83 3 52 
6 28 90 
8 3 32 
31 39 92 
80 55 100 
70 24 81 
6 66 42 
40 79 1 
30 11 18 
77 70 33 
99 89 34 
6 69 78 
10 28 52 
71 15 78 
55 24 83 
11 27 74 
76 66 89 
95 45 16 
72 12 44 
71 20 70 
5 24 44 
18 17 43 
44 26 5 
63 44 73 
70 69 84 
27 87 41 
37 67 52 
57 10 85 
4 12 90 
65 94 77 
100 8 57 
40 66 14 
40 3 88 
25 10 3 
14 8 47 
8 2 41 
98 30 50 
89 23 97 
56 77 86 
91 51 37 
23 83 57 
85 36 42 
64 93 7 
92 27 87 
34 18 5 
32 8 27 
16 7 20 
75 61 36 
100 66 58 
46 26 90 
33 77 38 
14 38 30 
25 27 46 
5 61 51 
24 19 9 
83 33 22 
38 70 88 
47 98 62 
83 16 91 
95 88 87 
86 7 27 
13 85 66 
76 80 43 
90 79 30 
54 83 2 
6 43 55 
55 83 5 
57 52 17 
90 73 97 
46 79 85 
55 34 67 
9 15 98 
75 49 42 
94 61 57 
25 29 73 
21 19 41 
5 23 71 
69 5 82 
22 78 77 
16 48 27 
93 36 89 
92 40 19 
22 61 81 
68 2 85 
97 23 66 
22 3 47 
34 87 40 
76 83 69 
91 71 45 
4 53 88 
16 63 55 
68 85 8 
63 79 75 
4 15 25 
76 35 60 
27 58 77 
5 52 91 
36 43 85 
39 62 78 
42 32 90 
17 33 36 
53 91 85 
68 36 81 
9 27 13 
25 16 87 
41 54 38 
2 43 69 
26 3 56 
97 50 26 
64 1 86 
40 41 98 
11 17 36 
38 24 94 
34 75 15 
98 83 31 
79 50 33 
55 5 21 
86 96 18 
94 50 59 
51 49 58 
56 29 71 
47 81 68 
45 81 76 
26 63 100 
95 26 29 
37 100 80 
70 65 17 
61 68 65 
12 20 13 
51 14 63 
46 87 81 
58 13 93 
36 14 18 
55 2 9 
90 72 50 
31 3 8 
89 25 5 
75 15 77 
9 75 98 
75 65 37 
47 4 35 
72 83 47 
34 14 40 
7 24 57 
60 67 48 
59 28 8 
6 98 66 
55 35 67 
51 35 90 
56 67 39 
14 13 21 
37 72 64 
74 4 54 
73 1 76 
49 28 52 
24 74 19 
47 66 94 
7 26 10 
57 53 8 
11 47 57 
15 96 12 
66 68 10 
34 8 35 
92 91 88 
16 96 49 
17 33 59 
84 16 1 
67 83 58 
57 21 12 
16 77 93 
92 95 100 
93 98 63 
6 52 97 
46 8 96 
86 26 94 
86 90 42 
73 76 50 
68 40 72 
9 85 98 
98 20 47 
29 51 26 
71 80 98 
87 63 16 
66 93 21 
10 67 55 
49 59 69 
48 54 6 
35 17 51 
9 84 86 
73 37 16 
78 12 91 
77 91 15 
27 33 67 
14 1 45 
78 58 32 
42 25 87 
30 43 16 
88 32 57 
34 97 52 
95 50 34 
75 89 20 
64 12 20 
70 66 99 
96 52 62 
75 41 80 
51 49 29 
10 12 24 
16 51 13 
10 44 82 
32 31 14 
18 79 93 
45 30 38 
28 53 48 
46 13 71 
4 75 30 
76 77 28 
9 19 8 
78 97 19 
82 87 37 
23 47 65 
42 16 10 
63 81 82 
74 26 1 
10 99 26 
33 19 51 
31 23 76 
6 64 70 
73 4 34 
80 92 9 
31 40 95 
13 70 14 
15 18 3 
36 70 53 
35 66 97 
16 62 96 
76 88 25 
38 65 17 
15 42 92 
34 75 4 
49 54 8 
18 30 90 
68 46 31 
14 28 33 
4 62 36 
4 28 12 
32 21 58 
49 30 96 
17 38 45 
90 10 1 
69 48 22 
24 92 70 
4 47 73 
25 100 39 
2 40 82 
61 71 65 
2 56 84 
8 41 6 
85 63 81 
8 21 29 
72 63 81 
43 36 1 
65 95 71 
4 19 12 
36 81 67 
76 62 100 
50 14 8 
58 69 94 
31 49 68 
100 67 24 
64 99 6 
27 37 61 
33 27 5 
9 94 89 
11 26 13 
74 41 47 
24 99 21 
51 26 64 
41 48 21 
92 23 96 
5 27 23 
41 88 12 
95 5 81 
40 44 8 
11 20 12 
49 17 36 
9 99 18 
68 72 69 
34 39 51 
27 63 35 
53 38 61 
51 40 41 
73 19 83 
15 40 57 
65 45 41 
78 50 52 
42 15 34 
98 26 8 
71 83 18 
34 28 38 
61 85 62 
35 87 49 
34 78 72 
74 30 55 
26 77 43 
42 14 78 
97 74 37 
8 19 63 
46 17 86 
30 58 50 
95 42 80 
85 55 94 
50 90 12 
57 93 11 
24 66 47 
87 11 10 
41 86 34 
66 6 61 
21 13 88 
77 100 8 
72 18 84 
10 57 91 
48 58 91 
48 6 13 
3 50 37 
6 91 5 
50 37 72 
33 59 55 
42 3 14 
49 35 70 
79 49 37 
11 86 51 
36 34 78 
84 5 88 
66 21 14 
15 16 36 
89 43 30 
68 82 38 
60 41 67 
89 85 36 
76 3 54 
59 22 35 
24 49 98 
49 8 90 
37 99 58 
51 31 43 
35 38 6 
82 100 48 
95 75 65 
32 30 45 
29 4 31 
68 85 50 
57 27 28 
1 59 87 
77 71 55 
19 35 72 
25 34 13 
95 49 77 
54 10 97 
89 25 11 
10 25 36 
64 23 89 
25 31 59 
32 94 34 
36 75 11 
49 84 93 
44 80 67 
20 55 92 
99 100 48 
14 60 49 
6 43 32 
96 57 45 
48 58 40 
80 49 56 
8 85 55 
9 26 29 
97 1 23 
20 94 82 
95 52 79 
11 43 18 
17 3 76 
55 93 19 
92 91 75 
76 27 100 
10 82 75 
36 23 22 
11 14 82 
91 60 27 
30 38 36 
10 22 89 
48 5 19 
47 31 25 
21 7 27 
39 24 15 
70 56 41 
79 91 52 
65 14 86 
59 35 19 
68 16 20 
3 31 21 
98 49 3 
60 64 91 
5 56 44 
60 95 41 
84 42 81 
24 60 18 
95 49 84 
13 89 8 
2 18 14 
10 87 57 
69 34 43 
31 94 81 
92 85 14 
30 47 97 
100 54 39 
5 96 26 
28 48 85 
72 23 42 
81 28 48 
5 41 22 
62 52 50 
7 88 12 
100 53 26 
58 42 71 
13 71 43 
40 16 94 
11 22 33 
1 78 74 
9 38 83 
30 13 9 
99 57 10 
12 43 75 
18 65 21 
44 35 52 
52 49 61 
73 49 99 
58 50 57 
59 9 6 
30 78 39 
64 26 93 
27 32 47 
57 63 17 
57 39 12 
73 44 10 
93 4 15 
85 14 19 
5 18 92 
12 20 52 
84 94 21 
7 3 21 
47 46 94 
54 25 17 
11 57 5 
13 69 3 
32 28 31 
78 49 28 
21 65 10 
94 34 49 
55 58 75 
73 76 44 
84 58 20 
74 71 78 
96 20 57 
17 50 30 
14 28 93 
61 97 35 
98 57 89 
32 99 59 
90 76 11 
50 24 3 
85 94 91 
24 59 79 
49 87 29 
73 21 40 
8 75 32 
91 50 1 
77 62 43 
35 29 78 
14 72 69 
14 96 40 
55 59 89 
97 66 62 
55 37 27 
99 12 92 
19 36 57 
68 15 25 
86 23 73 
45 40 21 
92 55 23 
18 95 52 
70 23 60 
56 11 98 
73 43 17 
92 9 23 
90 75 33 
22 41 15 
25 78 20 
28 26 25 
89 51 15 
30 42 45 
72 4 10 
94 49 72 
75 99 22 
22 31 7 
4 80 10 
38 46 22 
70 55 31 
89 81 71 
47 27 60 
24 75 96 
89 57 90 
92 21 58 
39 52 49 
98 49 45 
88 62 6 
68 74 59 
38 36 76 
14 57 3 
37 15 40 
49 73 54 
83 94 52 
11 19 10 
59 13 41 
43 89 67 
38 17 56 
27 35 97 
68 73 25 
98 80 21 
21 78 29 
29 80 98 
100 43 65 
72 6 10 
14 60 19 
23 38 7 
16 17 90 
44 29 14 
36 45 81 
65 72 69 
32 60 100 
20 78 87 
52 72 54 
74 25 18 
82 96 7 
88 29 47 
64 92 14 
32 66 47 
54 10 22 
14 88 40 
76 19 81 
9 46 80 
18 32 10 
94 63 59 
21 53 78 
76 46 89 
77 9 56 
60 22 68 
100 16 91 
16 70 52 
43 82 62 
63 43 71 
64 23 16 
37 92 67 
67 68 77 
34 3 9 
22 16 18 
55 40 21 
66 99 37 
23 80 27 
82 16 91 
21 76 90 
20 54 74 
35 65 100 
54 78 70 
6 22 24 
47 39 3 
35 16 65 
48 16 77 
12 43 4 
68 39 29 
84 88 12 
45 97 62 
67 82 35 
90 74 68 
19 75 26 
39 27 80 
70 75 74 
41 53 20 
67 100 79 
38 9 58 
75 49 21 
89 85 74 
97 50 21 
62 78 83 
15 53 9 
55 25 21 
41 2 46 
39 77 42 
15 13 17 
88 45 43 
75 81 68 
83 84 92 
95 12 31 
83 16 23 
80 33 48 
82 99 98 
69 88 99 
8 26 68 
22 99 20 
28 39 83 
73 36 51 
65 81 37 
44 74 97 
55 79 95 
5 34 39 
8 60 45 
37 35 94 
66 51 99 
2 78 36 
75 48 33 
48 70 87 
36 18 44 
13 84 67 
35 33 50 
9 50 79 
74 27 51 
43 56 100 
10 16 73 
52 85 37 
79 64 26 
65 28 93 
15 95 63 
32 78 8 
38 94 14 
57 39 50 
44 50 27 
15 45 11 
90 53 85 
15 51 83 
80 48 51 
70 54 72 
13 32 5 
4 77 95 
30 31 52 
72 76 6 
33 97 52 
49 67 28 
59 30 29 
80 35 81 
7 47 83 
38 20 42 
47 27 48 
69 65 61 
89 50 8 
94 8 55 
44 10 70 
42 86 66 
50 53 76 
66 2 60 
17 68 91 
37 46 65 
53 3 66 
4 1 32 
63 89 6 
81 43 7 
57 51 17 
68 83 51 
93 31 76 
59 44 64 
85 73 66 
56 57 40 
57 91 92 
76 38 89 
35 43 88 
30 48 51 
77 71 73 
2 4 95 
22 15 16 
57 32 72 
34 76 13 
55 15 4 
73 27 5 
62 97 6 
27 21 31 
77 66 39 
86 81 11 
12 63 88 
72 19 27 
97 64 72 
27 36 74 
11 88 14 
62 49 51 
66 2 98 
47 45 70 
66 65 80 
32 78 24 
63 37 97 
73 10 40 
84 74 100 
8 96 79 
29 17 15 
12 7 1 
55 30 22 
52 16 64 
52 42 85 
45 87 25 
25 22 18 
97 70 46 
49 86 51 
45 89 78 
36 15 34 
46 38 94 
62 49 53 
90 71 42 
24 89 64 
63 61 68 
100 55 19 
90 3 9 
62 38 18 
81 12 47 
98 32 6 
43 48 33 
75 2 63 
45 17 70 
91 94 46 
57 72 26 
38 76 13 
59 98 64 
83 33 88 
80 43 2 
44 8 4 
8 77 32 
55 63 59 
28 4 63 
85 33 88 
40 53 74 
4 47 88 
75 89 49 
77 40 53 
31 45 95 
32 7 87 
27 14 84 
15 48 44 
38 53 34 
92 51 96 
5 38 47 
93 27 15 
21 87 38 
57 6 51 
82 22 87 
36 35 46 
72 74 54 
37 2 14 
1 9 17 
63 87 98 
87 90 47 
93 97 9 
51 43 25 
44 1 7 
27 80 98 
90 91 7 
9 38 62 
91 32 97 
28 48 8 
30 66 16 
74 78 36 
83 7 14 
63 68 67 
33 83 58 
33 28 25 
44 5 78 
25 38 93 
4 31 98 
69 21 56 
11 58 44 
72 29 42 
96 63 17 
23 21 17 
31 53 91 
66 81 84 
40 24 8 
84 33 38 
44 9 6 
48 2 12 
7 56 55 
69 31 82 
22 56 92 
68 54 35 
55 67 46 
76 61 46 
20 50 25 
4 62 5 
78 56 13 
16 69 11 
83 2 34 
11 82 84 
68 25 33 
57 83 76 
91 13 50 
25 14 8 
57 99 64 
93 7 88 
35 77 39 
99 35 86 
31 24 45 
13 38 31 
1 14 30 
74 76 56 
37 3 100 
7 3 18 
96 75 36 
67 64 68 
66 64 44 
59 79 68 
20 61 79 
45 55 68 
53 51 11 
53 49 70 
57 2 72 
63 21 82 
79 59 15 
30 63 27 
64 3 92 
83 50 91 
74 2 30 
17 80 7 
61 2 25 
32 36 68 
60 61 3 
79 59 45 
14 16 55 
19 88 77 
55 98 19 
11 35 44 
43 21 40 
49 64 65 
50 66 29 
20 60 36 
41 32 87 
41 100 27 
61 43 22 
28 52 94 
46 54 12 
14 16 46 
21 2 77 
11 15 82 
46 86 40 
96 63 50 
81 55 35 
26 23 43 
10 33 47 
66 84 64 
4 47 7 
57 10 26 
56 59 52 
17 75 35 
68 7 51 
80 14 54 
10 60 49 
11 81 29 
31 23 91 
39 66 53 
95 22 20 
98 88 62 
79 53 60 
18 44 40 
58 12 85 
87 75 13 
39 30 4 
50 69 88 
43 95 74 
76 84 33 
54 28 70 
37 88 78 
97 74 20 
17 98 56 
61 10 4 
45 71 24 
8 21 49 
99 61 93 
36 16 19 
67 97 87 
59 12 64 
1 19 93 
40 68 60 
64 17 41 
46 80 89 
46 71 59 
17 87 46 
32 48 99 
45 20 71 
99 87 80 
11 73 10 
85 44 6 
76 44 23 
56 73 91 
33 2 27 
14 65 88 
95 81 69 
71 17 98 
74 81 52 
84 15 41 
60 53 37 
18 20 3 
24 98 69 
74 2 95 
97 77 44 
46 39 87 
28 62 22 
16 46 49 
63 89 37 
28 20 27 
14 41 3 
30 70 47 
16 15 11 
56 88 77 
57 71 37 
21 51 33 
27 46 99 
11 57 78 
76 32 84 
70 54 85 
4 86 56 
24 47 76 
84 22 83 
34 48 100 
52 58 41 
41 53 42 
16 79 95 
43 67 13 
1 81 79 
75 50 59 
84 60 34 
53 50 15 
20 31 64 
100 47 50 
68 41 25 
95 45 49 
72 41 34 
64 4 33 
56 95 37 
55 49 6 
44 96 99 
64 49 84 
63 19 81 
75 22 40 
63 83 9 
68 11 54 
76 9 94 
68 36 98 
64 16 46 
78 80 45 
12 91 41 
85 31 84 
11 39 62 
28 4 38 
41 25 88 
12 25 49 
50 9 58 
91 4 65 
71 1 68 
7 30 33 
16 100 36 
85 52 76 
72 48 82 
76 51 81 
25 32 16 
93 26 4 
71 33 83 
52 53 99 
37 77 12 
64 34 98 
8 91 27 
1 26 7 
1 20 6 
98 19 5 
87 54 59 
13 28 54 
63 13 92 
42 35 16 
64 43 67 
54 11 87 
19 50 46 
71 89 1 
95 9 22 
12 51 7 
86 16 91 
47 31 35 
75 61 88 
53 64 70 
22 19 18 
37 48 43 
20 47 21 
72 48 75 
59 89 62 
16 43 61 
83 44 87 
65 92 14 
25 15 38 
88 61 32 
36 12 56 
14 4 13 
49 95 100 
65 98 9 
42 4 28 
80 94 13 
60 39 97 
91 21 53 
88 45 70 
79 22 80 
8 10 16 
3 99 78 
89 22 35 
81 61 40 
29 20 45 
60 73 72 
2 27 83 
59 14 42 
10 37 49 
54 29 13 
5 28 29 
64 17 10 
65 87 92 
29 9 34 
89 85 90 
75 77 48 
62 14 50 
95 14 78 
12 67 77 
41 89 71 
30 27 40 
11 43 73 
100 59 29 
3 35 83 
27 87 26 
50 96 32 
52 28 11 
62 35 56 
66 7 82 
93 24 41 
72 99 38 
66 52 62 
58 25 64 
21 16 45 
40 89 98 
21 25 29 
40 20 2 
24 26 21 
79 27 62 
36 58 17 
21 40 62 
100 97 62 
100 48 4 
51 43 28 
87 72 27 
14 89 72 
43 52 62 
1 11 12 
16 29 98 
65 95 14 
92 31 90 
5 21 64 
8 45 59 
2 34 57 
3 10 52 
79 81 42 
62 57 95 
90 73 76 
33 91 39 
97 98 95 
48 93 23 
80 22 97 
68 75 50 
63 14 24 
55 54 43 
42 19 26 
80 44 46 
25 38 31 
37 9 17 
84 56 4 
77 56 17 
75 94 87 
98 90 3 
26 76 1 
59 94 80 
12 56 10 
27 7 48 
43 19 66 
12 63 33 
55 43 71 
55 10 9 
15 90 49 
65 86 38 
96 51 14 
45 96 25 
90 96 57 
49 42 36 
81 32 59 
91 42 50 
88 65 34 
84 9 14 
100 14 52 
38 93 47 
12 6 74 
95 26 36 
46 71 37 
49 46 45 
2 9 44 
85 14 30 
66 15 2 
73 82 61 
72 83 18 
52 9 3 
87 73 20 
30 100 14 
64 93 91 
92 88 12 
78 81 72 
18 69 15 
47 1 32 
36 18 69 
15 12 20 
22 60 45 
46 54 19 
39 48 75 
48 17 16 
69 73 14 
34 35 10 
42 63 52 
16 18 17 
83 7 29 
97 98 40 
4 21 97 
6 43 17 
20 29 54 
33 35 85 
12 80 89 
4 50 80 
39 60 92 
19 96 9 
8 45 98 
3 98 70 
77 99 20 
54 6 33 
72 100 16 
58 40 86 
51 44 70 
23 59 88 
21 14 62 
15 68 61 
88 71 5 
55 47 93 
3 42 55 
68 99 11 
75 40 32 
8 40 35 
25 6 94 
13 93 57 
21 8 99 
90 7 1 
24 76 16 
79 53 50 
80 53 40 
41 99 14 
62 60 97 
54 33 14 
17 2 14 
11 39 73 
30 14 43 
40 42 84 
6 66 35 
1 59 62 
99 6 88 
41 58 4 
3 94 40 
5 3 47 
90 22 36 
45 92 81 
84 17 82 
91 43 54 
17 20 33 
63 18 72 
29 89 75 
7 20 97 
59 99 78 
69 75 42 
41 19 87 
74 92 76 
42 9 63 
19 37 85 
95 2 46 
32 59 77 
16 79 23 
51 50 12 
49 2 14 
43 10 86 
65 57 39 
33 31 77 
73 32 80 
68 50 3 
86 94 51 
8 86 49 
70 92 2 
64 72 21 
85 42 28 
22 62 10 
76 40 64 
37 96 87 
24 32 49 
51 56 70 
49 8 35 
4 5 66 
7 70 28 
44 19 16 
69 64 98 
7 1 20 
72 100 19 
77 38 56 
44 46 27 
12 88 29 
27 60 26 
6 60 39 
51 67 1 
17 69 5 
1 80 26 
16 56 69 
47 85 63 
17 33 92 
90 7 74 
89 41 96 
22 86 68 
45 92 66 
92 81 93 
56 49 98 
81 30 39 
34 31 51 
68 95 64 
12 50 83 
88 48 42 
26 35 74 
74 66 100 
18 76 12 
51 90 38 
67 82 63 
23 30 81 
33 99 19 
42 94 32 
6 96 87 
49 13 26 
95 58 84 
30 15 13 
29 48 11 
22 35 8 
57 98 33 
78 62 25 
60 67 29 
45 70 30 
69 56 67 
81 55 15 
60 17 51 
57 37 2 
50 77 75 
84 87 10 
83 81 3 
38 25 100 
91 18 96 
64 73 12 
98 34 1 
13 96 29 
24 78 40 
14 49 97 
45 51 81 
75 39 45 
49 29 13 
82 6 35 
17 46 83 
23 30 89 
38 63 3 
9 40 43 
78 50 3 
59 40 20 
95 91 75 
96 38 56 
29 27 13 
79 11 66 
57 36 54 
78 92 66 
89 86 38 
49 8 18 
25 27 54 
49 85 15 
85 8 78 
24 33 39 
80 97 13 
85 77 91 
93 13 40 
49 89 93 
90 23 21 
76 81 95 
32 19 70 
18 23 67 
9 21 36 
12 2 27 
29 98 62 
13 93 72 
28 53 19 
20 12 58 
23 14 58 
61 17 47 
51 52 91 
26 4 48 
29 61 100 
95 35 87 
70 15 100 
75 5 62 
71 99 14 
43 7 78 
18 80 39 
41 76 25 
89 34 48 
75 3 39 
58 90 39 
90 36 24 
80 91 84 
92 22 35 
15 26 30 
35 52 48 
33 21 48 
35 38 33 
64 8 19 
93 35 22 
39 85 70 
37 30 8 
18 31 27 
57 29 27 
44 35 10 
64 67 17 
85 34 5 
55 18 22 
51 10 49 
28 38 8 
32 34 85 
6 68 64 
65 33 68 
51 7 85 
52 58 53 
75 89 71 
73 1 25 
16 72 86 
76 56 17 
25 32 21 
76 45 46 
63 10 14 
35 38 83 
65 12 50 
37 50 94 
83 80 60 
26 38 15 
28 44 43 
13 3 78 
23 56 39 
81 18 58 
65 3 49 
29 26 47 
65 14 45 
24 60 27 
49 5 96 
32 44 83 
2 25 72 
77 44 54 
76 22 82 
5 71 54 
23 81 18 
70 82 23 
27 65 24 
7 93 51 
54 43 66 
86 69 90 
1 38 2 
65 19 55 
82 5 33 
95 81 7 
24 58 78 
80 55 31 
59 41 72 
99 12 86 
84 30 35 
44 67 87 
8 74 73 
2 38 29 
40 46 57 
60 28 53 
19 71 49 
15 18 30 
86 15 33 
16 23 87 
31 34 25 
89 85 38 
68 4 75 
19 42 59 
66 27 98 
95 44 31 
8 90 42 
54 9 33 
15 18 83 
76 38 60 
75 93 92 
74 34 19 
10 20 34 
53 26 71 
4 86 50 
15 53 33 
24 32 22 
8 45 14 
72 18 43 
76 79 54 
2 77 87 
84 83 20 
69 44 48 
25 99 43 
81 7 38 
90 13 11 
79 96 20 
6 19 64 
89 52 87 
35 82 72 
78 58 63 
68 16 85 
73 5 45 
66 64 95 
6 80 15 
72 19 5 
92 87 9 
44 48 11 
7 34 28 
22 17 96 
94 67 10 
85 44 96 
86 6 72 
9 88 99 
65 72 61 
54 52 51 
43 20 94 
26 19 69 
73 23 22 
98 17 22 
82 15 6 
36 63 22 
32 54 57 
76 7 91 
85 43 26 
43 71 61 
68 23 22 
19 74 5 
97 21 99 
36 70 18 
100 91 61 
4 68 88 
20 70 52 
42 4 76 
49 86 21 
88 51 2 
73 14 32 
29 7 51 
30 23 50 
17 4 12 
77 33 65 
69 74 33 
72 71 89 
18 43 68 
37 70 14 
55 75 66 
80 59 26 
35 19 41 
99 83 62 
70 66 46 
21 12 47 
49 61 70 
89 81 64 
67 80 18 
36 10 28 
87 75 51 
59 45 54 
16 87 29 
69 14 81 
24 63 53 
36 95 65 
20 49 79 
35 48 38 
27 57 82 
64 10 85 
2 40 31 
4 59 58 
44 47 78 
91 40 49 
36 63 66 
80 62 53 
96 95 74 
90 80 69 
51 44 18 
97 5 33 
80 1 97 
75 26 40 
4 26 37 
58 45 73 
63 25 67 
17 45 74 
67 32 27 
19 89 98 
95 38 6 
100 68 90 
12 8 77 
81 21 34 
64 99 72 
12 26 46 
32 78 9 
77 29 100 
87 30 96 
60 50 90 
25 91 3 
2 37 68 
97 32 23 
90 96 76 
84 1 38 
90 62 82 
35 100 76 
79 54 56 
25 51 18 
76 49 2 
6 77 98 
70 66 16 
95 77 44 
35 9 94 
33 59 74 
9 61 69 
46 52 34 
68 98 37 
72 17 3 
61 35 46 
63 71 58 
7 100 27 
26 44 100 
40 44 98 
39 99 38 
15 74 22 
11 100 79 
77 25 81 
77 50 2 
46 14 27 
7 91 88 
98 19 2 
9 53 4 
84 38 3 
25 39 59 
82 45 17 
15 61 80 
79 56 53 
9 21 40 
63 23 95 
98 77 43 
43 73 77 
28 97 87 
17 47 19 
69 41 22 
89 15 84 
54 60 94 
71 29 11 
18 14 99 
66 55 26 
43 4 58 
22 19 8 
97 50 71 
38 46 31 
82 38 50 
96 75 22 
7 88 39 
28 96 32 
14 4 79 
26 25 80 
82 49 32 
97 38 72 
37 19 71 
33 15 75 
10 88 27 
16 43 18 
34 44 40 
81 91 23 
59 57 61 
1 22 24 
98 27 42 
58 62 66 
68 4 18 
16 58 28 
61 13 24 
1 58 12 
54 60 96 
30 8 78 
1 25 37 
34 5 75 
86 4 79 
14 99 23 
46 78 36 
79 46 33 
27 12 100 
75 24 44 
64 73 52 
26 91 28 
24 25 3 
98 25 89 
97 35 19 
77 2 89 
51 94 91 
14 72 66 
37 69 6 
63 71 29 
44 66 37 
92 97 57 
71 46 84 
3 74 87 
8 78 39 
92 9 51 
44 72 69 
15 35 10 
60 44 99 
32 43 5 
37 94 17 
25 91 28 
73 40 50 
40 99 77 
43 84 77 
67 76 95 
86 31 34 
79 62 31 
45 12 37 
39 58 49 
8 45 9 
72 82 2 
67 10 85 
38 8 71 
47 74 86 
97 25 23 
97 41 32 
85 44 1 
5 8 52 
45 16 58 
86 81 60 
36 8 31 
28 23 87 
84 94 57 
95 8 1 
24 66 46 
81 10 97 
36 31 79 
78 56 58 
92 2 18 
45 43 54 
52 93 57 
15 38 22 
12 92 62 
37 27 86 
50 63 53 
35 50 17 
57 72 38 
99 2 57 
36 10 87 
64 90 56 
59 46 11 
23 13 26 
58 60 79 
76 65 54 
7 20 86 
79 20 45 
77 96 60 
43 39 41 
4 55 99 
37 6 62 
80 41 31 
57 21 36 
14 48 73 
59 64 39 
77 100 31 
8 47 81 
11 12 37 
64 75 96 
50 90 15 
22 70 94 
53 58 14 
8 100 24 
45 56 26 
23 76 17 
4 25 67 
7 26 97 
37 46 40 
40 25 88 
5 58 56 
25 64 76 
59 10 26 
90 48 77 
73 31 3 
95 51 50 
2 29 83 
62 33 37 
23 7 70 
36 99 1 
27 58 91 
87 58 69 
16 56 3 
24 5 74 
55 22 66 
25 80 17 
46 55 80 
25 74 97 
94 55 75 
75 29 58 
29 36 81 
90 2 74 
31 71 96 
38 45 51 
88 20 69 
71 25 93 
49 62 80 
15 89 67 
65 21 81 
19 82 80 
83 41 2 
93 9 88 
42 12 77 
10 94 8 
45 72 56 
93 85 39 
89 67 83 
6 37 84 
83 91 38 
93 20 69 
51 49 63 
8 12 86 
90 36 12 
14 56 78 
74 42 3 
43 93 23 
20 88 12 
44 53 12 
10 29 33 
49 53 74 
49 21 63 
21 97 64 
74 25 56 
80 14 52 
92 28 25 
30 25 47 
6 56 48 
30 85 49 
70 81 13 
12 40 52 
78 12 60 
1 63 42 
48 66 71 
27 40 37 
52 25 41 
29 16 48 
18 92 66 
18 53 57 
74 31 33 
83 35 46 
59 91 82 
69 34 56 
68 3 74 
77 63 66 
61 28 48 
54 61 7 
85 88 17 
29 84 99 
97 96 56 
30 63 41 
50 8 1 
29 32 39 
68 18 10 
26 57 66 
17 74 15 
26 28 42 
47 28 66 
14 65 11 
37 11 54 
54 82 74 
28 34 45 
79 89 57 
15 30 81 
92 97 11 
22 51 31 
96 90 94 
46 29 87 
15 13 88 
32 60 38 
9 100 83 
19 8 78 
77 31 50 
64 26 46 
25 91 31 
11 99 34 
4 91 1 
74 30 40 
42 65 77 
29 96 3 
77 72 44 
90 40 97 
21 22 49 
12 41 3 
43 35 53 
23 52 88 
44 78 42 
14 56 54 
5 8 85 
3 90 49 
84 47 18 
97 14 11 
47 93 64 
57 40 38 
69 15 42 
74 59 98 
56 78 70 
100 54 33 
60 64 15 
19 59 82 
42 33 2 
79 53 64 
78 25 58 
6 25 52 
84 33 34 
36 32 33 
80 55 36 
84 3 7 
100 35 56 
98 77 22 
87 3 75 
59 15 24 
52 58 13 
5 16 71 
7 21 1 
78 57 22 
55 45 18 
97 17 22 
83 98 95 
44 46 61 
47 29 77 
78 12 81 
39 81 70 
36 44 9 
42 40 56 
75 27 91 
92 8 44 
70 29 82 
99 79 68 
86 77 19 
75 76 61 
8 45 64 
23 87 31 
100 62 49 
100 28 87 
14 38 21 
38 42 25 
86 7 4 
2 16 72 
85 75 19 
72 78 24 
31 69 27 
46 64 65 
1 15 34 
12 1 96 
68 72 66 
45 27 43 
29 18 20 
54 61 75 
45 14 36 
1 76 39 
63 83 11 
91 20 70 
26 38 45 
92 35 30 
86 8 88 
93 90 24 
86 77 37 
7 66 43 
72 47 23 
66 48 83 
98 36 85 
72 27 45 
100 62 34 
86 27 14 
37 11 19 
73 53 43 
90 26 79 
30 37 95 
69 92 71 
98 80 60 
44 33 34 
66 99 58 
82 25 80 
97 88 98 
17 6 74 
73 34 11 
37 38 89 
68 82 70 
88 48 59 
79 55 66 
20 29 39 
37 100 75 
57 94 90 
81 27 32 
86 35 77 
55 17 53 
62 94 81 
71 89 22 
54 29 86 
95 26 1 
93 34 31 
62 45 24 
62 46 32 
95 46 91 
42 30 9 
21 28 74 
79 52 19 
34 18 22 
95 90 20 
31 51 89 
67 99 27 
13 53 14 
35 53 62 
1 70 31 
75 22 64 
11 10 39 
89 97 5 
62 80 76 
10 43 4 
92 37 19 
31 84 68 
68 40 31 
70 82 58 
33 30 45 
28 31 17 
8 36 10 
84 82 49 
8 56 21 
14 35 21 
8 100 25 
43 44 38 
9 73 61 
26 17 31 
63 40 61 
38 28 48 
25 40 84 
96 56 61 
17 15 70 
98 37 42 
94 71 69 
37 30 25 
13 3 80 
55 73 23 
36 40 33 
23 12 60 
13 50 57 
10 64 58 
21 88 10 
61 97 29 
69 35 79 
22 11 99 
69 78 73 
38 42 39 
70 80 47 
93 97 35 
86 64 87 
6 10 95 
100 89 92 
86 16 13 
86 46 79 
51 46 7 
29 53 17 
60 8 89 
66 93 36 
14 10 38 
41 60 9 
81 56 60 
11 10 2 
28 19 47 
100 66 61 
94 73 32 
35 95 61 
16 41 25 
29 94 15 
88 55 49 
24 32 16 
27 55 80 
67 11 92 
82 81 41 
3 99 9 
43 99 27 
18 43 13 
76 83 90 
49 1 13 
95 49 1 
57 66 78 
25 100 76 
64 42 37 
38 59 94 
48 61 56 
54 48 87 
7 62 23 
59 10 83 
20 41 43 
54 28 4 
46 59 66 
38 93 67 
78 58 67 
88 68 29 
69 51 41 
83 95 92 
91 53 54 
65 1 55 
4 95 56 
91 61 24 
56 20 59 
1 61 52 
7 67 61 
28 35 18 
22 32 54 
25 13 32 
88 2 49 
83 88 70 
7 43 24 
57 92 62 
48 71 97 
35 1 76 
72 31 12 
90 37 97 
27 39 64 
47 80 71 
78 11 50 
85 8 10 
87 80 46 
44 89 72 
26 68 87 
31 12 34 
3 31 54 
11 78 70 
1 66 97 
4 86 64 
29 13 80 
10 44 55 
8 58 62 
95 51 13 
33 74 93 
70 73 62 
66 12 93 
52 63 14 
93 8 86 
55 46 14 
95 12 15 
82 54 52 
49 18 15 
49 41 50 
74 8 50 
43 74 69 
34 19 12 
97 51 29 
61 92 52 
85 14 23 
75 2 89 
53 95 35 
87 66 11 
46 53 6 
53 71 3 
21 5 99 
39 91 82 
33 9 31 
53 47 73 
31 43 79 
83 33 27 
42 33 53 
74 81 68 
37 24 65 
26 17 51 
64 46 20 
15 90 65 
77 37 66 
20 81 29 
29 48 28 
54 6 2 
36 62 87 
57 40 11 
27 61 57 
48 96 91 
75 26 83 
22 31 13 
18 40 97 
51 68 56 
80 91 19 
69 22 63 
16 89 93 
99 48 49 
14 53 62 
89 34 94 
74 22 42 
47 37 29 
33 18 9 
30 20 45 
6 42 45 
38 63 36 
41 24 48 
92 8 53 
99 48 92 
57 44 28 
10 1 80 
64 43 11 
79 84 32 
49 90 53 
45 48 68 
82 25 42 
4 95 57 
39 44 36 
92 64 93 
68 17 36 
50 68 71 
95 43 38 
95 31 81 
29 1 28 
10 7 82 
59 99 68 
93 95 40 
14 28 85 
33 32 12 
99 80 72 
85 78 65 
65 45 19 
7 20 3 
2 10 44 
29 69 20 
89 79 85 
95 28 17 
8 37 83 
20 38 85 
78 51 15 
80 57 10 
87 79 31 
76 79 75 
11 100 32 
1 65 78 
33 46 89 
91 78 94 
20 91 36 
49 9 72 
61 54 89 
1 50 79 
71 34 80 
66 85 69 
26 36 73 
55 94 90 
70 66 62 
46 9 2 
72 4 28 
99 80 16 
21 78 26 
49 34 5 
2 51 57 
66 61 35 
69 13 67 
48 90 34 
55 22 39 
80 43 41 
38 80 77 
50 12 63 
76 62 12 
99 28 57 
24 19 51 
53 56 92 
45 49 62 
22 27 33 
24 74 16 
73 7 92 
2 20 57 
90 7 68 
70 35 59 
19 79 4 
4 92 80 
50 38 96 
45 56 33 
57 45 38 
