5000
2 9 55 
43 15 98 
58 84 95 
72 45 27 
28 26 9 
31 97 81 
39 64 59 
54 34 26 
36 87 10 
59 73 3 
41 3 14 
93 87 25 
86 77 56 
4 68 18 
76 83 57 
64 89 67 
66 35 68 
32 49 82 
75 94 87 
10 39 11 
83 29 47 
70 82 15 
91 24 73 
83 35 46 
38 66 54 
68 99 11 
16 13 51 
44 56 35 
69 83 76 
74 62 23 
21 80 98 
51 4 53 
54 70 28 
20 79 45 
99 68 79 
51 10 49 
26 37 4 
23 22 32 
97 21 99 
93 83 50 
85 80 9 
93 98 8 
71 35 81 
12 88 23 
19 83 73 
32 56 4 
22 18 19 
93 84 49 
53 62 80 
11 66 87 
85 18 44 
28 44 43 
51 61 66 
83 16 39 
70 54 86 
59 82 77 
44 20 26 
37 50 3 
95 76 67 
94 22 70 
24 66 46 
68 100 90 
58 6 15 
2 3 67 
37 94 50 
36 22 23 
84 58 20 
98 80 29 
83 98 97 
92 34 85 
40 36 35 
31 13 28 
83 27 2 
22 61 81 
58 34 61 
41 81 71 
88 48 42 
90 53 85 
18 1 13 
65 27 97 
96 44 9 
15 75 77 
26 32 63 
8 92 24 
68 19 35 
57 2 51 
72 43 3 
4 2 14 
98 79 5 
86 48 98 
55 4 15 
25 65 16 
2 92 70 
87 71 31 
78 8 52 
13 67 64 
12 100 27 
17 22 97 
41 96 89 
93 79 29 
90 51 84 
76 29 67 
57 10 85 
83 88 9 
92 32 11 
59 99 32 
45 73 58 
57 61 59 
42 81 79 
15 8 48 
17 73 99 
8 74 68 
81 23 59 
85 13 83 
75 54 35 
42 46 49 
1 79 72 
35 65 17 
11 18 30 
8 45 9 
8 47 99 
65 98 9 
85 51 7 
11 89 25 
61 72 52 
24 31 98 
61 52 12 
40 86 67 
32 4 75 
24 45 62 
37 87 27 
48 67 44 
23 41 57 
69 38 65 
52 16 93 
22 21 23 
24 58 27 
41 4 58 
44 15 48 
26 64 79 
27 51 74 
29 48 11 
21 92 64 
24 16 74 
73 17 43 
26 36 95 
76 81 51 
56 58 78 
24 32 16 
40 31 2 
81 35 58 
93 40 13 
99 34 89 
12 28 11 
11 93 57 
17 99 3 
3 98 94 
12 76 25 
4 91 1 
20 33 17 
84 47 18 
17 34 25 
10 24 97 
83 33 88 
4 12 49 
46 25 9 
66 17 7 
49 72 94 
71 20 70 
24 57 7 
42 74 67 
80 82 19 
49 16 46 
15 4 25 
30 88 36 
25 20 32 
30 64 96 
100 56 23 
54 6 2 
56 88 77 
1 26 95 
98 39 79 
25 88 76 
12 15 20 
29 94 10 
3 99 18 
71 36 84 
15 18 30 
57 19 33 
65 8 52 
22 43 68 
42 7 70 
73 8 74 
58 12 85 
28 56 73 
62 50 14 
4 38 28 
24 32 26 
80 96 17 
98 27 77 
32 46 84 
86 84 98 
3 63 76 
22 98 93 
38 93 50 
39 79 36 
69 67 56 
66 9 7 
95 86 73 
41 6 65 
8 14 5 
34 53 38 
2 1 7 
47 13 10 
93 90 68 
13 11 26 
32 99 51 
95 20 22 
63 98 93 
97 100 62 
7 6 78 
72 48 82 
17 69 5 
4 71 61 
64 46 20 
62 20 71 
71 5 23 
76 84 33 
16 33 5 
5 48 92 
77 81 25 
73 45 5 
41 39 60 
70 72 68 
97 32 23 
52 72 36 
54 85 30 
46 27 14 
22 11 99 
99 72 38 
73 8 93 
41 22 1 
39 49 68 
75 89 29 
72 78 34 
12 88 84 
21 24 31 
23 69 95 
7 32 30 
2 6 22 
50 26 97 
5 81 72 
8 85 68 
55 52 40 
15 80 6 
18 25 22 
38 60 21 
48 10 63 
7 43 81 
9 88 93 
29 62 37 
29 92 68 
57 26 3 
62 57 95 
27 62 15 
48 27 47 
47 83 72 
31 14 37 
100 26 53 
19 33 3 
6 61 66 
21 43 89 
97 40 90 
96 91 48 
75 62 13 
91 5 52 
14 93 56 
9 83 63 
62 82 90 
100 34 27 
1 67 48 
54 29 13 
35 100 65 
85 8 10 
66 79 90 
90 39 76 
24 65 37 
11 100 14 
10 79 9 
71 93 36 
95 20 17 
33 70 94 
32 65 91 
5 55 83 
86 37 27 
52 27 44 
61 70 96 
35 91 33 
35 22 4 
26 46 64 
62 81 98 
66 63 36 
73 83 65 
19 63 81 
79 64 47 
19 70 94 
100 76 27 
61 63 43 
91 54 53 
13 3 80 
1 99 65 
71 22 15 
39 20 29 
69 49 59 
23 84 34 
58 99 17 
85 39 50 
67 99 27 
81 82 31 
75 28 43 
75 59 43 
67 20 12 
74 20 92 
7 5 39 
78 70 56 
28 52 51 
94 60 39 
62 37 67 
74 82 9 
65 80 71 
14 46 55 
30 47 73 
72 13 32 
53 70 36 
68 92 19 
1 30 36 
3 12 41 
54 28 4 
91 60 64 
30 62 1 
14 99 18 
74 59 33 
59 28 8 
46 70 91 
15 7 2 
82 88 35 
41 80 75 
75 96 36 
10 89 93 
20 98 47 
10 45 43 
8 31 36 
23 79 16 
46 53 6 
43 17 27 
34 37 19 
25 42 26 
23 22 73 
47 21 10 
69 4 51 
63 61 68 
98 58 79 
25 26 28 
34 100 1 
4 8 44 
27 33 2 
78 45 80 
17 56 76 
63 26 100 
77 71 55 
15 26 3 
48 23 87 
14 94 38 
7 84 32 
70 53 64 
32 78 8 
85 30 46 
22 97 50 
76 80 28 
68 93 36 
70 8 10 
81 94 65 
37 71 57 
37 66 45 
6 27 35 
84 37 33 
13 88 21 
58 41 72 
45 43 56 
52 5 34 
94 92 14 
86 16 91 
15 58 94 
30 75 4 
17 39 13 
87 22 82 
19 28 47 
31 16 69 
19 4 79 
9 38 83 
99 77 14 
77 41 94 
34 28 7 
2 65 78 
76 52 85 
4 66 78 
74 44 97 
66 60 3 
44 1 97 
46 36 78 
55 1 98 
15 38 26 
86 16 72 
47 30 97 
99 43 26 
41 1 94 
71 93 25 
74 59 83 
44 78 42 
52 34 97 
89 22 59 
29 21 25 
52 6 97 
31 51 34 
66 90 68 
69 11 66 
84 83 97 
35 49 64 
32 24 78 
68 84 12 
5 82 69 
37 42 98 
12 64 59 
44 97 77 
12 29 87 
87 24 6 
63 33 86 
48 55 91 
21 99 55 
79 33 50 
57 68 97 
92 62 57 
12 43 51 
27 59 69 
92 99 48 
55 98 19 
86 3 74 
12 15 63 
71 16 5 
51 99 64 
74 96 9 
76 25 64 
39 29 94 
41 65 36 
19 55 65 
68 51 83 
23 91 86 
14 48 12 
48 8 78 
62 7 47 
57 52 17 
82 61 26 
79 75 89 
33 97 59 
97 45 96 
79 59 68 
96 18 91 
75 55 60 
22 78 72 
52 97 79 
27 97 89 
65 49 95 
29 86 66 
91 36 64 
14 79 32 
93 86 47 
41 60 49 
65 82 74 
7 32 17 
95 80 40 
35 8 65 
62 97 60 
41 24 66 
58 71 8 
86 9 84 
5 27 36 
96 100 82 
40 52 64 
50 3 60 
54 34 25 
36 48 51 
12 73 64 
38 33 65 
47 28 66 
93 76 95 
62 22 97 
58 78 95 
92 17 33 
64 33 93 
36 81 70 
18 11 43 
8 78 19 
5 77 52 
80 51 22 
36 15 34 
56 4 86 
10 12 56 
70 82 29 
37 63 22 
61 10 63 
29 83 75 
74 30 40 
98 84 4 
89 9 94 
12 23 97 
70 72 95 
37 38 89 
12 45 37 
26 27 87 
64 19 8 
91 48 58 
15 82 68 
47 78 44 
54 5 71 
21 45 40 
27 5 33 
61 2 25 
57 39 12 
74 25 97 
13 77 26 
31 87 57 
95 31 44 
59 54 40 
26 61 60 
99 72 64 
77 33 70 
73 1 32 
45 80 79 
55 53 17 
31 77 100 
70 69 84 
76 35 63 
85 1 27 
25 97 54 
38 61 53 
77 48 75 
63 85 47 
90 4 12 
72 13 93 
85 19 3 
59 26 17 
26 56 4 
66 98 6 
38 42 39 
9 92 80 
41 67 60 
86 87 64 
96 99 44 
12 37 30 
19 24 9 
72 81 63 
12 53 44 
63 71 43 
61 15 68 
65 50 12 
13 15 30 
18 70 53 
54 87 11 
26 2 34 
21 18 68 
75 21 49 
80 55 46 
3 42 73 
40 77 99 
85 33 12 
64 6 68 
36 50 2 
69 74 43 
10 97 78 
33 34 74 
28 60 26 
6 10 36 
1 28 29 
62 96 73 
56 15 17 
33 53 15 
95 79 59 
85 91 77 
70 83 1 
1 36 43 
75 83 26 
53 66 3 
53 73 86 
42 87 25 
27 10 88 
60 97 47 
20 16 7 
18 99 11 
2 100 30 
18 83 72 
46 61 76 
83 94 4 
35 16 63 
14 82 11 
56 62 65 
59 33 16 
99 81 30 
69 34 56 
51 25 99 
19 68 18 
30 49 85 
49 8 18 
63 95 15 
11 91 93 
68 35 54 
73 35 18 
56 18 71 
17 32 1 
75 58 55 
5 32 26 
97 9 14 
51 47 48 
1 80 10 
1 95 54 
24 74 5 
8 38 28 
65 87 92 
100 33 54 
44 2 9 
18 67 80 
16 42 10 
33 58 22 
57 40 41 
65 99 39 
31 81 95 
3 41 67 
81 94 62 
6 82 15 
14 40 72 
33 8 62 
85 26 43 
31 25 91 
67 9 25 
36 63 22 
23 47 72 
41 91 44 
54 63 75 
51 95 18 
48 78 40 
3 10 44 
4 34 46 
30 31 52 
2 99 57 
29 70 52 
86 72 6 
32 70 19 
55 58 92 
6 60 8 
17 97 79 
90 79 30 
64 10 85 
71 39 15 
43 88 13 
2 78 43 
94 73 2 
64 4 86 
41 67 61 
46 7 47 
68 45 48 
61 19 21 
47 33 3 
58 76 87 
40 50 73 
84 7 3 
29 28 21 
51 46 7 
78 66 57 
15 86 54 
62 98 47 
70 89 11 
68 2 100 
16 10 8 
16 66 70 
8 92 66 
51 33 66 
33 45 30 
54 30 9 
13 31 35 
17 75 35 
17 88 85 
66 13 83 
78 62 53 
21 8 13 
5 56 44 
80 46 44 
10 44 73 
35 22 75 
80 84 16 
40 16 70 
39 12 37 
79 36 83 
42 66 6 
11 91 24 
47 94 46 
36 7 29 
15 64 77 
64 89 56 
34 18 58 
44 26 94 
77 15 91 
2 19 98 
90 27 81 
10 87 90 
30 14 100 
89 12 48 
87 84 94 
64 20 31 
65 9 71 
16 2 6 
95 71 65 
77 78 22 
93 18 79 
69 93 20 
89 48 25 
62 53 49 
16 72 68 
52 56 75 
64 97 22 
55 21 72 
82 17 45 
5 28 8 
89 88 11 
9 14 71 
49 78 28 
24 99 49 
54 85 28 
48 34 90 
31 21 6 
56 37 95 
58 93 13 
75 24 88 
62 98 29 
93 15 27 
75 5 62 
82 34 41 
7 78 43 
69 16 56 
33 45 72 
67 63 68 
40 19 53 
86 65 81 
81 49 94 
14 57 3 
22 63 69 
50 68 71 
1 12 31 
35 24 3 
81 84 93 
49 91 40 
89 40 39 
83 39 28 
29 17 60 
62 50 52 
57 13 53 
57 38 40 
72 89 71 
48 75 72 
36 28 10 
43 71 12 
64 59 98 
44 20 1 
36 85 89 
97 58 99 
38 36 63 
58 90 29 
20 73 87 
83 41 2 
44 85 95 
9 69 6 
57 55 86 
8 23 97 
98 5 8 
98 19 5 
67 18 89 
16 6 42 
4 75 68 
92 71 85 
82 26 42 
64 19 10 
64 6 25 
93 58 100 
1 68 98 
12 2 48 
51 52 54 
22 82 98 
35 96 78 
93 41 24 
77 33 65 
85 15 49 
21 7 27 
22 85 65 
85 87 100 
36 17 33 
19 91 26 
98 77 14 
68 44 33 
84 65 1 
71 18 86 
19 87 37 
31 22 13 
19 91 14 
40 13 20 
4 94 97 
67 68 64 
1 76 44 
76 45 81 
38 25 91 
5 67 97 
2 12 6 
85 92 21 
38 79 7 
23 1 82 
36 62 17 
46 34 87 
30 23 81 
52 54 84 
8 93 96 
39 10 87 
26 11 84 
8 48 28 
78 88 25 
12 34 19 
33 21 37 
63 8 23 
79 48 52 
72 78 24 
75 63 79 
25 28 92 
18 78 15 
35 97 61 
97 93 20 
62 97 27 
87 22 97 
83 47 10 
44 40 53 
50 91 13 
21 2 45 
31 53 91 
36 33 32 
63 39 98 
13 30 59 
37 68 98 
96 25 58 
27 15 45 
24 56 29 
21 92 84 
67 75 58 
3 92 64 
32 27 81 
82 56 3 
16 7 48 
21 1 25 
51 39 24 
75 13 67 
85 78 8 
51 98 25 
28 7 70 
96 33 59 
83 2 54 
80 8 65 
37 75 40 
76 96 4 
2 26 28 
77 43 62 
86 77 11 
92 35 22 
31 36 64 
56 39 67 
90 73 76 
14 96 78 
8 22 35 
52 35 44 
26 25 80 
75 48 39 
81 31 39 
43 41 76 
39 11 62 
21 3 7 
36 67 76 
57 22 47 
100 16 36 
43 54 91 
40 8 24 
11 34 100 
37 80 71 
66 21 93 
75 22 64 
42 25 56 
68 7 84 
41 20 53 
37 21 70 
73 51 39 
39 27 38 
23 73 12 
14 43 73 
86 88 52 
22 21 100 
74 85 89 
29 80 13 
75 63 2 
14 97 76 
92 44 8 
31 77 11 
68 38 82 
56 45 72 
80 52 10 
34 39 90 
18 44 93 
59 25 31 
72 44 89 
4 12 17 
14 10 24 
71 84 76 
26 45 99 
42 71 90 
64 93 47 
25 42 82 
58 36 83 
14 65 3 
62 91 97 
13 93 57 
31 32 28 
17 26 31 
23 50 30 
96 90 94 
80 89 41 
91 5 98 
93 38 37 
53 95 35 
10 90 62 
28 35 40 
38 86 65 
7 14 52 
35 86 60 
38 43 89 
29 4 8 
2 4 95 
35 27 78 
12 4 28 
6 5 42 
22 41 93 
3 32 34 
29 65 39 
82 91 16 
28 24 74 
18 56 25 
88 32 57 
35 63 26 
52 18 87 
79 94 75 
31 23 69 
78 22 57 
8 99 21 
32 80 73 
37 87 16 
24 68 80 
91 10 57 
75 43 34 
99 80 72 
45 60 75 
29 15 77 
44 7 1 
66 14 72 
1 32 99 
41 87 35 
48 72 58 
81 32 59 
72 35 82 
36 4 62 
31 14 62 
36 21 9 
1 14 19 
94 43 68 
84 94 5 
80 48 51 
76 1 73 
88 62 6 
38 13 76 
80 81 85 
14 52 64 
88 51 62 
53 90 49 
89 22 40 
28 70 38 
36 43 85 
47 36 54 
63 73 6 
81 82 41 
52 8 5 
71 27 23 
88 87 95 
96 16 62 
44 54 77 
47 37 29 
88 59 95 
39 53 32 
1 7 90 
4 34 57 
98 23 76 
25 4 65 
41 5 22 
83 53 52 
42 75 68 
92 75 91 
52 71 1 
47 29 88 
55 43 6 
70 80 65 
33 52 65 
32 94 42 
3 4 1 
80 59 18 
8 7 24 
46 58 4 
4 35 47 
48 6 54 
36 5 50 
4 62 5 
12 31 72 
78 7 84 
38 50 47 
87 36 62 
70 22 82 
31 82 72 
84 4 56 
64 56 90 
2 64 53 
57 54 32 
13 43 95 
20 57 96 
11 35 44 
31 9 66 
72 19 100 
85 81 63 
7 33 30 
11 48 23 
61 99 93 
44 47 1 
4 87 84 
63 66 77 
93 49 89 
15 24 1 
10 7 26 
81 55 22 
16 66 40 
32 51 29 
83 92 84 
14 96 40 
62 60 18 
69 7 82 
12 60 78 
20 11 2 
76 12 81 
75 66 55 
81 1 37 
72 76 95 
86 24 30 
34 31 12 
25 39 59 
57 56 40 
36 11 75 
34 45 81 
21 17 81 
69 84 77 
49 8 90 
82 94 20 
74 48 41 
76 48 25 
77 17 97 
41 51 69 
38 51 32 
62 17 73 
30 33 10 
1 38 84 
27 69 31 
98 27 80 
62 61 93 
18 10 32 
72 18 84 
46 9 70 
20 73 10 
98 29 42 
33 41 37 
7 37 74 
11 13 90 
53 91 87 
80 14 52 
47 35 66 
58 64 25 
7 3 12 
65 1 55 
80 15 61 
73 10 97 
7 9 4 
23 92 96 
49 63 7 
52 12 20 
98 17 22 
28 14 33 
38 33 47 
17 25 54 
91 61 100 
35 56 28 
67 15 89 
66 64 19 
94 53 65 
75 4 93 
10 4 80 
81 36 45 
64 45 83 
6 8 41 
28 87 100 
94 55 8 
37 30 96 
61 75 98 
57 82 98 
60 20 63 
93 15 4 
72 14 89 
12 76 18 
57 28 44 
21 48 41 
5 42 24 
83 16 82 
16 10 73 
29 20 81 
99 59 78 
11 56 39 
63 18 99 
65 64 52 
39 76 35 
97 96 56 
18 14 2 
57 45 38 
23 99 66 
34 69 28 
78 64 22 
24 56 75 
55 21 25 
27 10 32 
75 7 67 
23 14 58 
4 91 13 
51 7 93 
33 53 11 
79 61 16 
62 66 70 
65 41 45 
6 87 39 
37 33 62 
62 99 68 
16 2 60 
41 25 5 
42 94 25 
1 10 90 
46 43 56 
34 9 29 
74 91 93 
89 67 97 
48 86 30 
20 58 12 
95 38 43 
31 3 21 
66 18 92 
17 23 21 
34 53 35 
84 38 3 
36 99 70 
53 41 90 
95 1 8 
55 42 3 
91 4 65 
13 85 66 
84 37 6 
46 28 94 
27 45 69 
19 9 8 
82 49 57 
82 91 59 
58 67 47 
11 81 29 
96 72 90 
70 17 65 
23 38 7 
36 81 68 
31 50 65 
75 79 76 
98 6 32 
41 50 49 
31 17 66 
28 24 60 
59 83 10 
30 48 15 
13 27 9 
56 58 5 
67 36 81 
16 43 18 
61 49 52 
71 20 31 
45 58 16 
36 24 22 
19 51 33 
18 3 7 
65 22 57 
77 96 40 
90 69 86 
43 66 39 
19 54 46 
95 83 98 
9 60 41 
17 3 81 
43 88 45 
22 17 19 
40 8 35 
80 13 64 
78 53 21 
76 62 82 
68 50 75 
70 81 5 
23 91 79 
24 22 48 
82 44 10 
19 6 82 
4 15 64 
93 14 28 
19 54 44 
20 70 11 
67 83 89 
29 81 36 
1 24 22 
78 29 69 
26 71 53 
89 23 30 
9 26 29 
39 4 30 
65 68 61 
76 42 78 
78 4 56 
51 28 43 
46 45 76 
14 29 44 
28 42 85 
3 33 34 
90 14 85 
73 43 11 
84 59 13 
49 98 24 
18 24 15 
44 99 60 
98 74 59 
72 66 81 
67 5 23 
38 48 30 
8 96 14 
26 59 80 
31 51 22 
77 49 91 
75 10 82 
64 100 55 
82 84 80 
83 55 24 
26 56 45 
62 27 58 
60 89 74 
57 51 4 
25 33 68 
6 13 47 
22 96 75 
49 99 48 
43 51 96 
96 58 70 
13 76 34 
47 35 31 
10 58 81 
11 33 39 
52 29 66 
100 85 1 
65 49 64 
74 13 33 
76 82 57 
45 47 27 
68 56 51 
43 79 71 
49 22 58 
17 3 76 
97 35 93 
37 66 77 
49 15 90 
22 99 20 
89 31 1 
68 3 50 
15 25 68 
11 46 59 
18 58 81 
67 79 76 
98 17 68 
21 45 6 
26 1 80 
90 19 73 
72 19 35 
80 82 48 
68 88 80 
16 48 68 
8 93 45 
88 4 53 
5 71 88 
74 35 23 
43 18 98 
39 29 53 
46 98 53 
96 95 36 
74 10 58 
85 87 39 
86 91 21 
4 28 72 
75 19 85 
55 52 31 
62 51 49 
16 63 87 
20 14 79 
35 6 66 
53 61 66 
81 8 47 
57 82 99 
62 28 53 
8 58 62 
11 88 14 
36 67 75 
71 89 75 
89 29 33 
7 9 17 
92 100 95 
8 62 84 
30 50 17 
3 63 38 
61 100 17 
86 13 16 
27 24 60 
28 71 87 
76 81 95 
24 88 37 
43 30 2 
24 87 42 
66 62 99 
8 18 63 
9 34 3 
86 48 72 
10 87 84 
56 90 58 
65 71 61 
11 19 67 
68 22 86 
99 28 46 
79 80 22 
6 2 46 
16 8 89 
64 29 98 
62 2 50 
4 43 12 
31 23 18 
74 78 6 
1 66 56 
72 18 43 
55 1 99 
57 36 19 
51 3 39 
23 58 9 
44 2 76 
52 41 58 
59 46 71 
13 88 93 
57 95 4 
95 37 30 
70 74 42 
50 53 79 
65 36 47 
67 93 59 
64 93 20 
45 77 30 
93 66 81 
79 36 58 
25 20 78 
89 84 87 
74 4 40 
60 90 32 
73 11 44 
91 98 88 
69 72 68 
19 50 46 
38 94 90 
26 60 27 
8 46 96 
60 90 3 
66 52 62 
30 57 88 
33 93 71 
30 70 45 
73 85 41 
5 75 36 
24 74 19 
11 57 78 
6 24 22 
67 18 39 
30 78 29 
31 76 93 
34 6 28 
91 42 100 
41 33 45 
35 56 100 
95 68 64 
9 62 38 
23 17 76 
21 2 65 
72 15 89 
41 88 25 
46 67 70 
15 69 31 
12 74 6 
17 70 25 
83 18 15 
4 68 80 
29 87 36 
11 53 59 
79 62 29 
51 1 67 
6 10 72 
87 28 97 
45 98 8 
39 60 31 
69 62 17 
12 94 23 
71 83 33 
100 60 32 
14 62 11 
27 78 18 
89 38 20 
17 3 39 
47 30 70 
14 72 69 
31 29 58 
31 91 45 
76 69 52 
59 9 41 
62 67 29 
32 95 89 
63 95 38 
73 84 33 
46 93 43 
49 45 46 
18 26 64 
21 5 99 
61 66 77 
1 95 49 
91 45 71 
79 10 94 
57 6 34 
17 40 67 
85 29 3 
22 60 68 
49 95 63 
4 50 43 
37 65 81 
89 62 28 
97 90 37 
32 56 81 
20 39 2 
59 87 8 
78 24 96 
30 18 100 
1 74 26 
35 88 43 
66 15 2 
64 37 72 
24 99 23 
86 80 7 
10 80 76 
60 67 29 
65 18 64 
46 18 37 
55 93 47 
16 4 11 
57 37 99 
23 36 72 
55 23 98 
59 12 72 
100 39 25 
61 47 17 
28 4 42 
32 61 88 
90 71 19 
74 39 64 
94 69 27 
61 11 37 
35 4 51 
1 45 14 
86 73 1 
49 58 52 
51 90 10 
14 33 54 
67 92 11 
95 71 43 
19 15 3 
71 92 69 
14 45 65 
43 32 16 
60 53 37 
7 1 12 
9 13 30 
100 70 88 
6 71 60 
27 74 11 
73 53 29 
92 77 99 
68 40 100 
44 10 22 
75 24 96 
41 70 56 
78 62 83 
90 85 16 
77 74 6 
12 43 75 
41 32 87 
73 40 16 
74 39 84 
47 25 31 
16 42 35 
19 93 55 
19 77 86 
98 19 69 
36 15 16 
2 91 39 
92 38 49 
13 100 11 
11 29 71 
27 4 78 
66 62 58 
64 18 49 
86 5 76 
79 40 54 
56 51 70 
29 20 45 
100 54 39 
46 53 7 
57 51 17 
88 38 70 
59 95 5 
25 91 90 
55 78 86 
6 44 85 
81 39 30 
24 13 94 
82 40 36 
27 33 22 
55 87 50 
64 40 43 
68 40 31 
80 61 49 
45 98 30 
16 12 92 
12 50 42 
76 66 89 
64 31 30 
67 18 71 
9 30 46 
44 3 50 
69 40 60 
16 23 83 
67 82 35 
46 7 25 
89 42 39 
50 67 87 
62 41 24 
93 19 1 
18 17 16 
71 30 36 
16 11 15 
26 100 62 
4 3 34 
31 94 78 
79 20 61 
90 20 95 
20 63 79 
93 79 66 
66 36 93 
30 96 31 
36 8 25 
74 54 76 
6 59 68 
6 70 28 
11 17 36 
70 42 89 
34 39 51 
76 62 12 
31 38 46 
49 14 60 
74 93 33 
18 35 95 
14 56 78 
78 83 47 
40 35 69 
47 32 1 
21 48 33 
6 28 90 
25 65 28 
87 2 77 
85 23 14 
38 63 66 
15 31 67 
28 21 74 
27 35 97 
44 18 10 
65 40 98 
52 25 39 
44 27 31 
25 91 3 
44 32 94 
99 60 87 
5 37 15 
19 48 24 
50 25 20 
51 87 84 
33 78 36 
58 71 42 
99 65 82 
21 38 14 
71 78 74 
31 29 25 
63 67 61 
54 60 94 
32 63 39 
1 9 17 
45 22 60 
67 97 87 
17 28 31 
33 56 45 
6 25 73 
41 2 66 
45 51 91 
70 13 14 
46 30 88 
53 84 73 
80 83 6 
97 1 66 
51 86 49 
58 67 78 
63 10 14 
16 66 30 
37 39 61 
78 83 75 
21 62 66 
67 36 35 
2 48 42 
94 46 91 
78 52 43 
6 38 35 
23 70 7 
5 29 83 
67 85 27 
5 80 71 
99 88 1 
57 90 96 
3 89 71 
34 1 28 
64 99 57 
24 65 5 
77 65 94 
18 23 67 
87 75 3 
46 80 87 
45 64 78 
47 54 82 
1 38 2 
73 4 47 
60 85 49 
21 97 50 
66 64 84 
3 10 52 
87 60 69 
67 16 85 
89 6 91 
30 86 99 
56 13 95 
29 78 21 
71 52 81 
41 25 78 
23 52 81 
39 21 38 
14 59 75 
9 88 99 
32 41 97 
14 66 29 
77 60 45 
52 72 54 
86 43 10 
71 70 43 
39 31 54 
54 66 46 
11 54 37 
30 84 15 
4 66 45 
76 79 54 
82 54 88 
47 35 95 
25 32 21 
43 2 80 
49 17 50 
73 40 21 
80 4 92 
61 83 18 
96 50 38 
81 10 97 
15 75 34 
15 66 37 
71 72 90 
90 9 14 
35 33 4 
32 29 94 
85 14 19 
46 39 1 
64 10 43 
87 72 27 
43 16 30 
21 78 2 
18 32 71 
98 17 71 
85 94 86 
72 75 65 
3 68 19 
25 74 21 
15 37 29 
31 51 78 
78 96 81 
17 100 95 
54 63 61 
69 82 31 
10 22 66 
82 35 6 
18 65 21 
100 50 14 
28 52 49 
60 67 48 
87 68 80 
35 17 51 
25 71 86 
78 50 52 
88 98 62 
25 31 34 
64 12 20 
4 24 5 
43 14 30 
76 5 73 
43 13 71 
13 8 27 
31 70 55 
16 68 13 
80 48 33 
79 84 32 
61 45 40 
54 8 2 
87 27 1 
39 42 36 
19 40 92 
77 71 73 
70 100 15 
70 18 1 
52 24 9 
72 44 12 
77 42 65 
14 52 100 
83 64 96 
78 63 84 
98 56 80 
4 44 64 
5 27 73 
74 8 78 
44 36 39 
28 20 27 
30 42 8 
83 3 52 
5 58 36 
15 31 47 
27 29 57 
55 7 56 
59 49 98 
14 76 5 
95 11 45 
64 45 9 
28 62 22 
33 98 57 
13 2 25 
50 88 84 
90 7 74 
76 38 72 
99 27 43 
47 87 90 
29 33 10 
93 44 82 
68 90 7 
48 97 40 
35 18 28 
83 32 44 
94 91 51 
67 6 73 
35 78 20 
26 29 47 
54 28 1 
5 34 49 
27 80 35 
10 87 57 
70 24 92 
57 60 78 
15 78 46 
38 91 83 
58 37 99 
73 26 36 
82 12 37 
64 85 28 
22 60 43 
27 58 16 
71 80 34 
6 41 31 
76 84 3 
89 94 34 
7 65 27 
72 6 17 
22 25 55 
51 18 44 
21 45 99 
25 38 15 
95 100 98 
2 20 40 
96 50 6 
64 24 7 
84 5 87 
23 26 43 
5 65 31 
57 40 46 
52 28 11 
49 63 21 
61 95 35 
78 91 77 
13 8 89 
95 21 83 
25 32 13 
17 61 76 
43 35 53 
22 13 48 
89 33 13 
27 8 91 
71 77 87 
52 16 70 
90 71 37 
18 51 32 
76 82 70 
39 57 65 
21 1 7 
75 39 45 
75 67 10 
31 83 98 
59 40 20 
47 67 42 
40 86 46 
86 27 7 
16 18 59 
1 57 76 
62 17 68 
25 100 8 
16 99 63 
13 94 80 
20 23 18 
73 10 40 
11 96 82 
57 98 22 
64 52 28 
74 47 41 
57 37 2 
3 42 46 
38 39 99 
99 30 79 
29 14 89 
61 37 27 
57 52 93 
50 75 77 
27 80 23 
20 13 12 
49 20 2 
31 13 3 
78 34 50 
10 15 35 
72 29 42 
94 29 98 
81 92 45 
76 84 50 
27 57 82 
32 33 43 
75 64 96 
90 21 76 
51 9 97 
15 12 96 
41 22 69 
49 84 95 
62 90 12 
6 31 35 
43 80 76 
57 92 97 
7 1 26 
29 98 58 
32 50 81 
45 60 10 
45 8 60 
31 53 48 
88 90 92 
28 53 65 
57 15 40 
95 31 12 
7 88 39 
90 2 74 
20 89 75 
24 65 6 
85 43 4 
29 2 38 
2 32 99 
64 7 93 
44 11 29 
27 58 20 
28 93 62 
87 16 23 
34 94 32 
71 83 70 
65 43 100 
52 97 33 
6 26 7 
21 80 8 
35 19 41 
12 7 51 
30 45 39 
62 35 53 
39 31 19 
2 34 57 
19 12 17 
78 11 58 
5 8 85 
31 9 29 
26 43 81 
66 83 48 
4 7 86 
37 42 96 
36 81 26 
92 26 42 
98 69 28 
74 33 75 
91 15 68 
55 22 30 
10 11 87 
66 14 21 
74 55 51 
50 5 18 
44 90 67 
72 29 85 
55 25 95 
57 10 99 
25 39 84 
69 3 57 
88 70 45 
11 10 73 
67 83 71 
29 92 74 
88 30 90 
67 52 86 
3 47 39 
84 15 41 
64 12 71 
34 48 89 
72 35 34 
61 85 62 
38 79 8 
7 1 75 
72 11 2 
41 12 88 
70 69 60 
30 14 38 
89 50 8 
5 78 47 
80 74 81 
81 55 1 
67 95 3 
92 20 48 
99 11 34 
8 83 72 
45 84 76 
48 40 58 
64 83 63 
99 71 86 
29 77 22 
79 46 11 
49 53 21 
56 61 59 
28 93 65 
12 81 17 
27 28 57 
29 20 75 
44 51 81 
18 53 57 
42 30 45 
43 67 64 
33 15 66 
35 11 60 
75 48 33 
8 92 77 
93 88 7 
26 96 31 
80 97 1 
54 84 80 
53 60 81 
43 31 79 
61 83 66 
41 91 39 
79 66 9 
62 19 93 
60 96 77 
47 32 9 
16 18 22 
74 33 31 
48 97 71 
46 66 70 
24 74 22 
85 14 92 
31 42 5 
93 12 82 
20 79 37 
57 13 50 
80 54 11 
20 90 53 
96 19 61 
55 9 10 
41 68 78 
66 22 95 
88 64 97 
47 56 15 
57 8 53 
56 85 47 
32 73 94 
47 10 4 
84 22 62 
98 50 76 
21 75 3 
25 91 50 
63 24 3 
91 68 34 
89 52 45 
40 69 76 
5 91 6 
44 48 11 
68 85 2 
18 68 10 
48 6 56 
15 69 42 
74 63 96 
63 99 29 
33 46 79 
93 64 92 
44 79 3 
80 25 82 
13 4 39 
30 25 37 
36 31 79 
93 29 6 
43 2 69 
42 1 44 
58 63 78 
15 78 32 
18 27 22 
39 30 2 
40 34 44 
59 1 87 
54 25 27 
57 89 79 
32 39 90 
51 11 86 
8 48 12 
1 96 12 
43 25 2 
78 69 6 
56 8 21 
40 68 60 
91 53 21 
27 61 57 
59 57 13 
38 20 42 
29 66 4 
4 42 68 
98 28 6 
10 67 55 
6 8 37 
97 88 98 
15 34 1 
87 55 72 
12 8 27 
71 41 89 
36 7 51 
44 40 8 
40 17 13 
100 43 56 
36 7 30 
61 65 69 
35 52 48 
33 27 48 
51 48 60 
84 64 28 
89 65 82 
73 51 36 
36 63 16 
73 82 61 
98 26 33 
56 16 3 
88 23 65 
62 73 39 
34 7 29 
37 12 77 
12 14 1 
26 79 90 
7 67 60 
62 28 85 
25 76 41 
52 18 95 
24 1 74 
73 52 38 
93 89 36 
88 52 34 
79 20 96 
29 49 51 
43 35 91 
63 83 93 
12 79 1 
79 39 53 
47 17 19 
89 52 87 
28 9 60 
90 82 45 
41 63 30 
43 27 45 
47 5 3 
84 88 5 
33 38 35 
72 44 96 
71 15 19 
98 77 82 
42 44 14 
2 49 75 
14 79 4 
35 34 8 
80 62 12 
29 10 74 
18 5 42 
21 94 84 
96 92 43 
10 35 68 
56 84 100 
10 78 4 
65 53 90 
83 50 12 
45 69 20 
59 28 49 
77 65 54 
62 1 59 
39 27 42 
3 71 98 
20 89 63 
92 39 60 
1 20 30 
14 8 45 
30 35 84 
36 31 38 
31 90 47 
4 74 29 
19 4 91 
72 3 34 
66 10 24 
70 48 84 
19 76 8 
80 67 44 
46 50 33 
46 93 20 
19 14 17 
31 55 80 
94 24 58 
43 20 94 
16 77 48 
91 10 56 
62 34 100 
43 87 37 
83 27 37 
15 42 34 
20 26 15 
97 21 23 
51 13 95 
13 97 80 
9 61 75 
36 95 65 
23 55 73 
35 76 1 
97 78 91 
50 12 90 
47 18 23 
22 32 54 
62 49 45 
61 19 67 
26 91 4 
92 20 55 
78 25 58 
87 18 81 
15 75 33 
67 94 76 
46 19 40 
12 15 64 
82 7 96 
42 1 63 
7 36 73 
6 51 57 
30 55 74 
16 73 61 
68 78 85 
28 24 8 
77 68 67 
48 53 28 
13 3 78 
87 71 40 
64 73 71 
23 92 9 
25 94 39 
91 100 16 
51 92 96 
73 85 49 
26 58 52 
26 48 4 
15 34 2 
47 29 77 
65 8 58 
92 31 39 
39 33 24 
37 48 16 
57 9 36 
13 4 42 
44 70 10 
59 36 87 
37 65 75 
90 8 42 
96 57 45 
34 75 4 
83 14 38 
81 23 91 
50 58 30 
93 52 77 
62 33 60 
9 87 92 
75 26 100 
36 56 12 
30 5 58 
57 11 40 
62 54 59 
17 25 39 
72 2 16 
54 66 34 
89 54 61 
43 5 32 
4 7 85 
76 22 82 
4 96 37 
74 4 46 
87 3 74 
59 45 54 
47 42 50 
7 26 83 
86 35 83 
66 4 5 
9 70 53 
17 53 25 
13 39 82 
64 89 23 
94 38 59 
59 42 14 
74 100 72 
73 69 78 
87 95 23 
66 42 86 
86 88 17 
36 78 29 
58 45 98 
56 48 61 
22 39 55 
5 51 61 
86 39 97 
62 51 73 
43 58 4 
38 39 89 
24 16 76 
86 73 23 
2 51 88 
7 81 95 
4 26 12 
49 16 70 
49 64 84 
95 40 31 
32 26 37 
99 78 18 
100 79 11 
71 70 92 
93 56 86 
7 48 23 
17 62 5 
63 71 26 
43 1 71 
58 71 63 
70 90 47 
27 48 16 
50 66 29 
29 60 23 
7 100 29 
39 77 35 
76 64 40 
83 96 49 
57 89 65 
31 62 79 
19 69 78 
85 65 78 
50 58 57 
81 42 38 
62 56 35 
65 93 64 
27 72 58 
100 34 87 
5 91 51 
20 60 77 
77 91 53 
25 56 74 
32 2 41 
50 78 3 
98 77 43 
93 64 91 
50 59 75 
97 11 92 
51 37 52 
14 27 86 
75 12 67 
90 37 78 
96 25 41 
24 63 53 
64 53 93 
32 30 45 
68 81 75 
89 68 98 
29 51 26 
64 46 16 
86 4 21 
71 21 82 
32 17 96 
41 91 12 
46 91 29 
100 8 77 
39 80 42 
11 51 53 
20 56 59 
59 15 24 
31 90 92 
76 78 54 
44 31 22 
12 54 46 
70 12 59 
18 26 72 
62 61 48 
6 10 95 
45 66 24 
38 76 36 
75 97 62 
36 25 10 
38 50 9 
86 77 28 
33 77 14 
32 77 8 
57 79 73 
86 12 8 
77 56 17 
23 18 81 
100 79 67 
99 80 87 
49 10 37 
41 66 34 
16 46 14 
64 86 40 
20 69 29 
3 19 40 
49 54 8 
41 88 87 
16 41 83 
67 11 27 
90 99 19 
98 6 77 
24 78 40 
67 37 92 
47 25 30 
2 8 41 
27 14 84 
16 39 20 
14 78 95 
88 90 16 
74 41 32 
95 69 81 
99 42 29 
43 66 54 
34 77 36 
81 52 84 
65 86 14 
25 100 61 
49 16 19 
31 45 24 
8 25 14 
62 49 100 
4 5 36 
31 8 3 
87 20 78 
25 18 51 
93 90 24 
27 42 95 
46 94 38 
92 86 19 
72 11 47 
48 93 71 
72 73 64 
53 93 49 
9 56 60 
35 52 69 
3 81 83 
49 53 74 
28 26 91 
23 13 11 
15 99 7 
97 29 99 
30 70 96 
90 12 36 
99 84 9 
41 53 29 
98 1 34 
97 66 23 
25 16 32 
57 56 31 
96 95 74 
68 31 49 
63 6 89 
20 96 26 
3 94 40 
72 73 45 
18 72 68 
76 9 94 
84 94 7 
64 92 14 
66 57 85 
63 77 85 
15 24 97 
93 34 17 
8 42 24 
35 45 18 
66 59 46 
39 91 50 
14 69 33 
88 14 65 
7 100 3 
9 41 95 
4 48 83 
69 10 100 
31 22 17 
53 66 39 
21 77 49 
66 72 77 
86 79 46 
78 62 39 
19 53 28 
35 34 10 
93 21 2 
90 50 72 
8 74 69 
14 90 68 
63 11 83 
77 5 76 
76 89 46 
80 59 94 
64 34 25 
91 20 70 
54 65 76 
67 30 17 
35 50 33 
19 11 37 
39 27 80 
46 27 95 
1 80 73 
50 15 2 
95 82 80 
87 97 15 
84 70 88 
39 60 2 
46 27 25 
33 83 58 
19 86 55 
64 24 37 
72 2 82 
47 20 21 
69 50 8 
21 57 83 
61 100 66 
30 77 51 
59 17 54 
97 23 25 
61 27 22 
50 21 10 
14 54 80 
55 80 100 
65 3 49 
76 42 49 
61 29 27 
57 12 97 
47 66 94 
55 67 35 
52 9 3 
67 28 22 
66 15 26 
48 8 98 
65 47 23 
13 83 99 
57 63 17 
49 95 43 
49 98 56 
1 88 6 
22 98 53 
92 15 42 
30 74 2 
36 98 97 
91 75 41 
37 24 45 
16 48 17 
85 84 31 
25 91 2 
28 21 10 
10 85 99 
95 79 55 
74 27 36 
78 53 51 
92 13 63 
29 45 65 
29 2 10 
25 46 72 
39 60 6 
45 71 20 
65 55 8 
51 46 44 
61 76 90 
78 71 15 
52 56 59 
52 28 10 
84 57 32 
77 84 95 
13 15 17 
38 56 77 
75 88 55 
44 36 7 
37 48 76 
24 26 15 
68 39 29 
56 71 29 
41 5 47 
97 15 7 
35 9 94 
14 13 53 
64 85 58 
25 43 96 
37 69 6 
54 27 9 
33 35 85 
93 80 37 
95 16 11 
69 84 21 
62 45 97 
72 81 78 
64 84 70 
7 24 46 
79 20 49 
70 59 5 
10 34 22 
11 78 50 
19 51 24 
9 56 77 
31 13 38 
69 7 48 
91 100 57 
2 40 82 
100 83 22 
44 34 98 
41 75 27 
23 74 11 
98 8 26 
75 94 61 
81 15 55 
78 84 71 
80 91 13 
66 64 95 
83 17 46 
23 27 5 
19 41 55 
87 94 89 
36 41 74 
96 25 100 
28 98 43 
41 86 47 
59 50 3 
27 75 91 
52 67 37 
8 19 22 
59 43 4 
85 81 22 
24 2 57 
8 3 32 
22 89 14 
13 60 42 
20 7 9 
47 46 90 
71 89 22 
31 23 87 
3 69 95 
75 84 43 
31 7 22 
17 51 26 
34 38 10 
47 66 11 
11 69 16 
13 53 5 
41 27 87 
33 15 80 
55 21 64 
78 70 11 
78 9 58 
37 50 72 
75 25 65 
45 71 67 
54 15 24 
11 1 25 
92 54 5 
35 20 75 
12 60 23 
79 96 8 
23 39 71 
77 82 34 
45 70 17 
96 51 100 
40 33 36 
11 9 25 
42 77 33 
33 12 63 
45 54 43 
32 34 85 
71 2 69 
18 48 8 
62 83 99 
99 25 43 
65 14 89 
34 67 55 
40 98 89 
47 66 32 
6 10 86 
7 39 98 
24 1 65 
13 80 69 
90 25 4 
75 25 62 
77 74 55 
86 81 4 
32 12 33 
5 24 93 
68 25 73 
24 19 32 
76 60 38 
83 23 57 
84 50 32 
62 73 70 
12 48 39 
44 63 5 
84 34 87 
89 40 45 
67 72 3 
16 85 68 
88 31 64 
83 80 60 
93 33 44 
70 23 82 
100 55 23 
61 100 16 
13 60 66 
83 30 20 
49 81 66 
15 4 14 
9 21 40 
91 74 7 
75 42 49 
5 33 97 
98 64 73 
59 27 30 
18 33 85 
26 90 89 
27 21 75 
57 50 70 
84 97 53 
83 5 20 
21 8 100 
85 14 28 
55 21 40 
82 42 41 
90 35 5 
67 13 43 
1 10 19 
9 59 6 
51 48 30 
1 91 50 
55 21 13 
9 15 98 
44 16 19 
3 54 51 
90 20 84 
68 46 31 
52 32 11 
22 70 58 
18 15 69 
19 34 59 
25 17 65 
50 2 10 
3 26 5 
42 78 34 
20 60 36 
59 56 5 
66 92 78 
50 5 19 
20 24 18 
69 2 49 
16 69 20 
66 84 81 
30 17 19 
57 39 50 
89 38 95 
41 98 96 
39 81 70 
35 65 16 
23 44 93 
9 58 38 
79 56 54 
69 99 29 
71 35 39 
12 63 88 
15 45 11 
31 34 93 
100 19 55 
34 29 24 
71 79 61 
49 58 51 
77 43 84 
77 12 72 
66 85 73 
18 28 4 
46 18 66 
82 60 36 
39 76 1 
8 39 44 
73 18 80 
29 51 7 
46 23 30 
9 36 44 
35 38 83 
81 16 62 
20 97 74 
60 97 1 
12 42 27 
27 62 87 
30 49 96 
26 51 35 
70 49 61 
42 56 40 
54 12 72 
97 27 17 
44 34 33 
32 89 81 
96 49 16 
39 91 27 
41 73 60 
76 49 2 
30 38 36 
40 53 60 
35 53 55 
43 34 69 
80 46 89 
53 14 58 
65 11 54 
92 12 62 
65 90 2 
97 22 26 
28 95 67 
77 84 26 
87 48 70 
70 93 44 
70 88 83 
8 10 36 
99 35 86 
21 65 43 
63 36 83 
99 12 48 
86 47 74 
14 2 62 
86 72 24 
8 37 83 
99 73 49 
63 82 81 
40 15 37 
72 20 6 
91 56 73 
68 86 14 
76 35 60 
85 74 91 
75 6 43 
23 26 10 
1 16 41 
65 62 42 
1 81 8 
78 11 97 
86 5 23 
11 15 71 
80 58 65 
9 94 20 
68 48 15 
16 19 36 
51 58 29 
91 95 75 
94 78 91 
20 11 12 
64 26 93 
93 21 88 
64 17 10 
21 19 5 
78 53 88 
77 89 2 
70 86 17 
18 72 63 
73 76 9 
27 55 80 
66 100 74 
99 36 1 
69 9 61 
20 84 83 
49 22 21 
88 65 34 
1 38 11 
70 61 28 
68 99 59 
75 89 2 
51 61 78 
80 47 91 
99 13 47 
75 69 85 
29 28 26 
26 19 42 
45 70 47 
41 91 36 
15 81 30 
52 42 24 
27 33 67 
91 24 61 
47 66 24 
2 10 44 
54 40 72 
57 61 94 
93 53 88 
40 100 96 
94 26 65 
67 92 55 
33 68 65 
66 71 77 
88 48 59 
52 42 63 
92 9 32 
10 43 4 
57 72 2 
54 22 26 
83 33 27 
68 9 37 
64 86 1 
10 45 34 
46 52 34 
91 21 68 
36 61 62 
75 55 94 
69 83 84 
23 43 93 
41 38 54 
61 29 100 
44 54 5 
49 23 32 
46 60 21 
43 54 39 
86 53 71 
4 25 67 
8 25 11 
82 87 63 
30 8 37 
46 53 37 
47 12 21 
96 94 29 
97 30 39 
10 24 12 
13 67 55 
76 96 63 
50 56 11 
72 38 49 
58 13 18 
21 72 64 
90 18 80 
30 78 39 
26 75 40 
35 96 86 
15 64 60 
55 59 89 
76 84 32 
64 41 17 
86 75 38 
93 92 81 
2 29 73 
2 38 64 
50 85 68 
16 68 20 
92 84 95 
80 48 49 
98 85 36 
71 15 3 
97 21 4 
43 37 48 
63 99 55 
74 34 19 
77 40 53 
34 95 94 
87 80 26 
27 64 66 
67 23 24 
82 27 25 
64 86 100 
74 4 54 
47 76 24 
24 36 90 
53 63 50 
55 56 34 
15 90 68 
35 76 100 
97 41 96 
94 91 24 
8 53 37 
22 35 59 
19 25 8 
41 21 19 
16 100 72 
42 76 4 
84 53 16 
39 56 57 
44 40 98 
62 66 97 
26 69 19 
64 52 51 
72 9 49 
40 75 32 
46 37 71 
90 78 100 
52 20 70 
34 89 71 
67 27 32 
75 69 78 
31 70 24 
84 55 56 
77 73 43 
68 82 70 
27 12 66 
65 68 29 
87 15 82 
85 14 30 
21 9 32 
93 7 18 
59 30 32 
76 62 80 
68 45 14 
76 69 36 
60 99 22 
56 90 13 
80 46 9 
16 33 19 
34 4 62 
37 4 60 
57 56 36 
29 87 49 
40 26 28 
42 77 39 
12 14 36 
18 11 16 
36 78 74 
63 18 83 
69 81 14 
22 66 55 
41 47 27 
39 90 58 
90 91 7 
95 79 82 
44 54 30 
81 48 28 
87 73 45 
46 36 35 
70 47 80 
61 76 75 
39 13 47 
2 52 89 
64 39 16 
80 51 60 
97 9 93 
53 70 49 
40 19 7 
16 77 93 
31 25 22 
62 25 49 
98 7 99 
89 55 37 
20 25 43 
74 76 35 
64 24 89 
9 1 62 
49 66 40 
68 4 27 
14 45 28 
10 67 94 
100 59 22 
80 81 93 
21 30 95 
69 56 21 
44 31 50 
18 20 29 
49 8 86 
14 15 86 
40 94 15 
80 12 89 
93 30 16 
61 97 72 
76 16 67 
64 40 11 
22 12 9 
10 2 11 
90 53 80 
10 26 57 
75 37 92 
9 13 97 
35 14 21 
61 63 14 
29 30 59 
14 68 69 
84 22 37 
68 86 35 
79 88 66 
72 77 93 
44 64 59 
82 84 49 
80 53 59 
28 37 81 
74 96 85 
37 94 35 
55 33 86 
9 73 61 
32 8 75 
87 30 65 
83 91 16 
11 24 64 
16 45 21 
58 6 59 
20 45 30 
8 51 22 
13 36 43 
51 17 60 
39 90 63 
54 22 10 
17 14 2 
41 68 96 
78 58 32 
59 85 56 
35 66 97 
78 81 12 
42 99 97 
62 43 52 
34 98 64 
95 45 31 
64 67 17 
40 19 13 
13 6 48 
11 8 92 
97 31 90 
18 42 38 
88 59 23 
92 35 30 
93 24 29 
89 98 57 
38 50 82 
14 70 37 
11 47 57 
65 72 88 
23 7 62 
91 58 47 
26 66 91 
67 31 84 
60 68 31 
80 32 54 
35 23 69 
50 82 85 
90 11 76 
25 92 73 
5 38 44 
63 99 22 
85 20 77 
3 53 59 
95 59 84 
38 17 45 
34 88 99 
52 1 3 
13 24 55 
52 54 82 
47 87 9 
5 57 11 
53 52 99 
56 95 15 
38 23 45 
31 25 38 
35 95 87 
9 3 99 
74 78 1 
46 15 24 
11 18 50 
45 58 15 
67 24 86 
55 37 27 
95 42 76 
18 53 7 
89 43 30 
10 26 99 
20 50 88 
29 94 49 
46 70 49 
37 31 77 
67 82 40 
25 2 100 
1 94 40 
22 15 74 
35 45 15 
70 39 85 
14 73 69 
69 62 18 
87 96 37 
89 88 61 
68 100 17 
29 53 17 
23 49 75 
61 22 15 
44 79 99 
14 66 40 
46 86 17 
34 81 21 
68 26 8 
21 33 31 
95 65 75 
2 49 88 
97 100 46 
79 9 50 
75 78 17 
76 53 50 
79 60 53 
83 22 33 
14 7 83 
64 99 35 
64 100 3 
35 25 42 
12 8 77 
22 17 96 
76 24 51 
59 33 27 
19 69 40 
74 46 32 
95 2 46 
48 52 13 
31 77 33 
9 84 69 
15 74 17 
97 23 1 
63 25 67 
15 16 22 
44 36 53 
9 2 10 
53 27 98 
29 20 100 
6 62 37 
80 91 84 
74 79 17 
79 1 50 
43 10 56 
99 6 77 
43 44 38 
70 75 74 
9 85 98 
79 66 55 
3 78 49 
35 78 39 
97 91 32 
28 12 27 
30 96 85 
97 40 98 
67 71 20 
91 51 52 
16 48 14 
38 32 60 
21 79 98 
57 72 26 
52 58 53 
43 53 73 
9 77 34 
18 34 5 
52 40 66 
19 76 23 
39 23 56 
44 92 69 
97 70 46 
72 34 41 
41 25 16 
75 94 34 
61 29 97 
2 33 22 
79 88 3 
100 33 39 
25 27 8 
100 62 76 
6 88 99 
64 26 51 
9 51 57 
24 72 71 
71 17 22 
36 38 27 
74 81 68 
19 61 57 
34 82 89 
54 9 33 
52 40 12 
78 97 19 
89 8 60 
2 82 1 
26 35 74 
34 40 57 
95 42 86 
71 31 96 
37 97 63 
51 12 50 
88 55 49 
67 63 82 
1 25 73 
83 8 81 
45 59 79 
2 60 66 
70 59 35 
41 45 14 
77 44 72 
35 42 15 
31 1 70 
14 42 3 
23 93 48 
77 59 32 
19 52 79 
31 46 57 
93 50 82 
16 43 61 
8 5 92 
17 36 68 
40 18 44 
40 62 80 
86 37 30 
71 13 21 
30 45 49 
89 47 51 
53 99 44 
23 14 62 
55 14 16 
40 53 80 
39 16 78 
93 40 95 
47 10 5 
13 71 46 
22 35 89 
81 60 46 
30 2 25 
25 27 31 
80 62 26 
68 93 38 
75 36 61 
51 45 38 
66 22 93 
79 17 68 
69 26 56 
91 73 54 
1 35 73 
75 88 23 
64 8 45 
10 74 65 
85 70 82 
38 28 48 
4 94 33 
63 28 4 
15 27 22 
27 93 49 
72 60 73 
52 13 23 
26 65 38 
8 51 20 
83 91 50 
78 89 45 
42 52 85 
5 92 74 
55 42 7 
90 41 84 
100 29 59 
5 34 39 
8 53 92 
26 37 20 
26 62 14 
16 33 95 
82 59 19 
83 7 47 
44 66 37 
71 18 83 
79 53 56 
27 46 99 
12 10 96 
51 80 90 
12 77 42 
97 26 7 
18 40 97 
54 85 74 
25 40 84 
78 13 56 
21 81 25 
34 41 86 
59 93 55 
65 51 6 
86 18 78 
92 27 87 
1 52 61 
91 27 58 
40 86 58 
23 36 90 
67 74 25 
21 12 57 
90 18 30 
3 96 78 
44 54 51 
20 89 24 
49 48 1 
81 96 64 
28 48 29 
92 51 9 
9 82 4 
10 64 65 
89 88 86 
87 100 91 
95 42 78 
86 18 96 
28 42 26 
81 45 51 
27 100 11 
27 80 29 
35 55 81 
5 19 72 
39 15 58 
72 10 4 
67 24 100 
96 34 64 
42 53 41 
48 3 71 
85 19 80 
16 84 3 
57 71 9 
63 8 19 
51 48 77 
32 96 28 
75 88 21 
99 14 71 
31 29 17 
97 12 24 
93 23 2 
1 60 30 
68 22 23 
37 11 88 
31 5 16 
52 95 49 
69 16 49 
64 6 19 
64 28 2 
19 77 35 
93 16 89 
77 29 68 
3 100 4 
29 79 1 
26 1 76 
47 19 87 
74 78 25 
2 41 46 
27 30 63 
14 11 45 
29 93 66 
72 28 11 
29 94 15 
48 100 99 
71 80 98 
42 63 9 
97 66 44 
21 26 2 
23 81 27 
9 20 31 
65 55 24 
73 92 7 
62 98 51 
78 80 37 
62 6 97 
34 41 28 
79 83 41 
50 77 2 
66 35 61 
15 54 51 
19 43 11 
25 11 53 
3 48 21 
96 61 56 
90 48 77 
73 3 31 
38 27 76 
7 96 8 
7 50 42 
38 12 60 
56 47 99 
53 28 51 
69 61 41 
5 28 90 
27 58 25 
44 63 33 
80 37 49 
5 38 47 
41 71 65 
46 97 56 
46 96 73 
51 70 44 
68 71 1 
37 7 6 
88 23 52 
90 33 29 
35 76 36 
43 62 82 
64 19 44 
31 80 41 
43 48 33 
27 83 90 
32 46 62 
70 60 23 
73 53 47 
12 3 26 
84 16 1 
24 80 69 
40 2 9 
64 11 43 
75 16 88 
43 20 41 
96 50 63 
99 29 12 
68 52 29 
61 72 65 
22 34 18 
80 3 82 
51 30 45 
87 8 25 
95 15 10 
5 88 35 
24 90 48 
6 60 40 
17 45 74 
27 16 84 
28 72 88 
85 10 16 
36 14 78 
19 9 96 
62 98 89 
31 21 91 
11 81 86 
73 27 31 
74 24 58 
6 74 19 
33 42 2 
49 28 67 
34 33 84 
96 60 54 
27 100 7 
66 9 99 
22 84 83 
4 49 68 
60 81 86 
41 80 43 
73 78 48 
23 43 64 
1 13 49 
71 34 22 
4 32 1 
33 29 41 
10 32 17 
20 48 69 
68 7 51 
5 48 19 
81 17 58 
66 24 12 
36 69 18 
37 13 42 
6 31 86 
77 53 84 
39 32 29 
6 49 55 
28 18 94 
59 42 19 
50 9 58 
57 36 54 
70 1 85 
68 35 71 
43 85 73 
24 81 87 
90 9 3 
38 65 17 
46 67 60 
31 76 23 
31 77 50 
43 71 55 
28 25 80 
40 25 88 
97 7 20 
47 16 90 
69 66 37 
3 31 54 
31 12 22 
65 15 90 
86 8 4 
29 13 96 
82 17 84 
24 22 80 
24 71 44 
35 10 62 
29 5 28 
66 64 4 
1 14 30 
24 21 99 
31 56 46 
32 31 78 
21 58 92 
25 81 67 
72 98 92 
44 98 28 
49 100 95 
20 62 7 
15 16 71 
38 90 51 
4 53 9 
62 18 100 
34 63 76 
76 94 71 
16 15 5 
74 54 82 
22 33 39 
16 12 88 
52 28 94 
68 84 44 
80 27 46 
81 47 12 
38 75 68 
3 50 76 
29 67 66 
17 81 71 
8 14 47 
90 95 61 
1 42 64 
70 3 60 
12 88 92 
45 56 28 
48 60 69 
87 78 30 
36 34 13 
10 60 49 
30 96 84 
37 77 86 
59 33 55 
25 76 100 
99 33 19 
70 82 58 
46 6 33 
25 94 6 
19 66 50 
72 54 93 
49 70 35 
68 59 74 
78 51 66 
39 91 33 
17 92 68 
76 29 84 
8 35 49 
70 67 84 
12 68 79 
66 99 58 
30 21 38 
67 8 4 
43 27 28 
92 89 35 
95 14 69 
64 94 86 
49 35 87 
32 23 66 
49 13 29 
68 74 3 
24 48 41 
95 28 17 
13 34 25 
17 8 39 
3 56 26 
90 75 33 
43 33 11 
46 85 66 
81 21 65 
18 73 63 
1 89 71 
13 11 68 
89 33 46 
58 50 90 
95 77 4 
25 69 71 
59 35 19 
34 78 36 
23 99 14 
92 27 88 
88 91 92 
5 74 19 
4 33 64 
18 43 85 
95 19 6 
5 33 82 
37 47 85 
53 63 44 
90 15 88 
98 47 80 
55 45 41 
80 38 46 
80 10 57 
94 53 58 
37 77 30 
90 54 95 
23 8 2 
14 96 82 
59 10 26 
41 95 60 
40 16 21 
80 61 10 
51 39 22 
91 76 7 
13 17 67 
93 3 44 
59 16 99 
68 47 81 
8 7 68 
55 60 100 
39 25 54 
68 66 72 
19 66 31 
86 34 31 
50 4 86 
97 59 92 
6 9 7 
27 84 93 
86 97 58 
86 8 88 
34 47 84 
96 68 22 
60 73 7 
47 62 82 
34 94 49 
57 28 61 
83 92 7 
73 48 14 
36 14 18 
87 67 44 
5 81 95 
12 79 14 
47 80 71 
5 26 44 
93 81 11 
85 11 38 
58 12 63 
93 75 92 
72 2 25 
64 9 36 
49 36 42 
85 43 87 
52 73 64 
69 65 72 
20 5 26 
38 85 89 
42 80 95 
91 20 62 
22 87 100 
85 46 79 
4 80 90 
88 71 33 
5 48 34 
37 91 38 
40 16 26 
68 72 40 
63 95 14 
23 20 48 
19 12 4 
5 14 47 
87 82 37 
75 63 57 
8 78 39 
27 7 48 
94 59 50 
100 83 60 
86 6 5 
43 46 96 
44 35 10 
41 22 15 
85 42 36 
28 38 34 
98 70 3 
4 3 24 
21 51 33 
76 56 62 
59 62 89 
99 37 26 
55 21 31 
69 94 80 
46 23 36 
72 97 38 
16 63 44 
98 22 69 
2 57 20 
21 97 64 
71 96 33 
37 89 63 
6 42 26 
99 29 84 
67 38 73 
95 19 5 
66 24 95 
11 12 1 
47 50 26 
77 58 59 
49 39 34 
67 58 83 
67 13 34 
93 12 85 
57 24 87 
52 81 74 
54 74 72 
21 65 30 
18 10 74 
37 42 64 
70 81 24 
37 40 46 
47 50 100 
1 4 67 
88 20 69 
7 67 61 
10 38 14 
9 75 98 
7 61 54 
36 1 19 
99 80 16 
77 3 57 
2 56 84 
26 16 69 
66 37 99 
12 99 92 
33 44 42 
96 94 76 
86 37 5 
14 61 59 
100 41 84 
78 80 76 
92 52 61 
30 80 9 
77 6 66 
7 24 43 
25 91 28 
56 74 77 
16 18 31 
30 94 44 
87 69 58 
40 60 4 
8 21 49 
45 80 69 
31 33 9 
1 20 22 
36 78 2 
20 81 78 
29 71 63 
22 15 38 
90 57 94 
81 18 45 
72 74 46 
37 49 79 
46 49 65 
8 9 37 
13 38 23 
73 76 50 
49 21 31 
58 73 44 
86 77 35 
47 97 43 
90 67 70 
43 38 48 
59 31 48 
36 14 45 
66 82 7 
71 27 2 
38 21 87 
100 48 82 
48 32 99 
87 26 68 
32 27 56 
14 63 52 
61 63 40 
100 82 19 
76 6 72 
61 48 28 
78 58 24 
53 91 85 
78 71 14 
34 62 94 
1 65 78 
80 29 81 
1 69 28 
4 34 73 
31 91 23 
83 87 44 
29 19 1 
44 58 11 
66 27 63 
51 95 50 
29 51 24 
7 14 10 
35 29 78 
95 79 16 
87 46 81 
81 11 39 
47 10 33 
42 91 29 
92 24 23 
50 97 71 
38 42 25 
51 43 31 
36 34 20 
89 90 57 
35 58 7 
87 96 6 
27 98 66 
18 2 25 
80 10 55 
55 11 17 
64 6 99 
35 1 4 
75 41 76 
79 22 48 
2 52 88 
50 98 30 
86 19 88 
15 17 20 
4 7 47 
24 22 32 
36 95 50 
16 46 11 
80 66 65 
43 9 40 
48 99 22 
20 13 5 
40 7 53 
93 25 38 
68 25 41 
17 62 33 
78 1 97 
100 47 36 
52 6 25 
16 63 82 
23 69 14 
75 67 33 
56 100 98 
55 53 61 
46 13 27 
98 77 2 
46 27 44 
52 58 13 
39 66 77 
16 37 73 
32 100 11 
7 80 17 
45 20 53 
34 91 8 
38 77 33 
79 50 22 
55 2 98 
15 4 79 
98 69 11 
79 24 59 
30 37 71 
65 45 19 
81 42 84 
6 7 20 
19 2 7 
23 5 38 
47 9 58 
71 39 16 
74 62 96 
70 58 66 
40 34 87 
6 43 17 
59 63 94 
27 65 24 
29 63 76 
94 66 8 
76 37 72 
5 32 13 
68 30 16 
10 62 22 
79 94 44 
23 45 3 
22 45 89 
73 52 82 
13 81 70 
56 46 87 
21 41 51 
89 98 19 
83 7 29 
94 91 86 
88 54 11 
100 78 67 
25 84 30 
83 7 52 
4 41 40 
52 41 2 
38 45 35 
79 56 82 
49 45 33 
54 87 48 
26 69 6 
31 79 87 
100 34 4 
85 8 46 
39 98 62 
23 40 67 
80 58 49 
23 42 100 
57 44 19 
78 54 70 
82 25 24 
50 42 91 
61 62 75 
66 20 74 
85 34 5 
47 24 2 
92 53 36 
15 53 9 
90 23 15 
44 23 10 
44 72 69 
97 65 64 
50 63 12 
45 97 5 
43 19 66 
78 62 25 
64 27 39 
97 39 20 
67 36 41 
19 35 97 
33 77 95 
9 13 4 
19 40 52 
22 71 91 
43 63 82 
93 26 98 
81 60 56 
36 63 51 
32 49 76 
50 90 15 
30 28 88 
69 67 13 
15 11 82 
2 55 88 
42 44 5 
21 5 73 
42 97 26 
2 34 83 
72 98 96 
99 87 75 
22 11 33 
14 34 40 
16 99 52 
49 34 9 
19 81 76 
73 96 58 
78 63 29 
86 33 15 
45 52 68 
53 71 3 
25 43 51 
34 45 28 
17 3 62 
16 23 64 
36 68 98 
84 14 9 
84 42 40 
89 23 97 
18 15 3 
89 62 11 
15 45 38 
90 55 94 
32 8 33 
73 45 74 
4 59 58 
38 86 89 
23 11 99 
46 17 87 
77 38 80 
71 81 89 
62 100 39 
95 45 8 
16 80 30 
19 100 89 
60 93 72 
41 72 59 
80 81 35 
96 22 93 
35 17 50 
88 7 91 
78 12 91 
55 63 59 
37 46 65 
54 87 55 
40 27 11 
53 69 96 
51 49 36 
75 52 23 
64 44 41 
9 47 75 
27 42 98 
11 15 41 
79 52 17 
20 34 10 
23 26 13 
67 43 89 
49 52 39 
6 60 84 
68 7 57 
3 59 16 
38 56 55 
14 5 37 
41 30 71 
90 32 42 
60 50 90 
21 81 9 
59 93 22 
40 79 85 
32 58 21 
43 25 11 
46 95 60 
59 40 67 
7 38 5 
46 67 16 
87 79 47 
41 76 9 
7 87 32 
2 59 80 
14 76 36 
55 67 46 
18 36 44 
3 94 33 
88 29 68 
37 11 41 
74 4 55 
69 22 48 
54 13 28 
11 51 3 
99 77 83 
59 17 33 
44 76 23 
89 44 3 
59 24 16 
98 24 69 
62 57 71 
59 33 9 
49 58 39 
29 100 62 
29 97 51 
55 10 44 
35 90 51 
79 66 11 
1 81 79 
36 55 100 
17 9 38 
61 46 35 
53 15 67 
11 64 66 
80 22 97 
40 70 54 
24 62 31 
90 75 4 
49 12 25 
8 34 93 
67 85 30 
89 42 9 
73 70 83 
97 2 12 
82 84 11 
88 55 47 
58 67 20 
75 100 32 
24 71 45 
20 96 25 
22 42 61 
5 75 27 
10 68 66 
62 57 33 
76 89 38 
9 33 18 
57 91 92 
94 91 85 
98 29 16 
14 55 91 
13 39 19 
21 27 31 
92 13 98 
80 62 49 
28 78 85 
99 100 34 
15 97 54 
72 82 47 
13 26 49 
84 46 9 
68 74 90 
86 18 19 
32 91 7 
79 62 27 
29 16 8 
73 89 58 
29 13 27 
1 75 86 
14 24 63 
25 58 79 
54 97 14 
39 15 24 
75 24 44 
13 84 67 
40 21 62 
34 86 55 
88 70 90 
84 94 65 
54 14 56 
2 16 30 
88 100 86 
42 58 40 
78 15 51 
29 97 84 
78 66 40 
13 43 18 
11 65 14 
100 4 48 
43 32 6 
98 31 4 
30 38 35 
35 8 48 
71 1 97 
65 14 95 
38 68 66 
38 42 52 
53 52 87 
81 43 16 
27 30 40 
68 45 55 
29 14 51 
75 29 58 
32 78 9 
73 10 50 
27 8 32 
6 46 9 
74 50 8 
10 84 69 
76 83 90 
3 98 90 
38 24 94 
97 90 73 
96 41 11 
89 55 88 
10 65 21 
95 16 45 
86 79 4 
94 59 33 
93 22 35 
89 15 51 
9 16 23 
73 38 29 
14 43 89 
24 25 44 
53 84 74 
15 53 50 
95 12 15 
49 90 3 
76 1 82 
95 77 44 
71 100 24 
38 19 42 
99 2 35 
54 86 29 
38 56 17 
97 7 35 
90 80 69 
14 62 79 
48 32 47 
65 59 31 
49 17 63 
93 2 3 
65 12 90 
73 11 39 
15 1 14 
66 100 58 
93 53 100 
84 4 48 
76 68 25 
19 37 85 
91 37 51 
28 65 27 
81 61 40 
33 55 82 
44 6 9 
25 95 59 
37 84 70 
25 97 79 
40 75 22 
70 63 99 
60 44 58 
31 18 27 
5 21 55 
61 17 24 
49 24 32 
90 16 17 
30 36 47 
46 44 41 
72 79 20 
32 64 66 
3 5 97 
51 50 37 
44 50 27 
71 33 69 
15 69 45 
74 97 37 
78 43 62 
2 60 91 
70 80 35 
46 10 67 
15 47 43 
16 30 47 
12 67 77 
85 1 44 
61 24 13 
26 21 77 
14 53 62 
25 86 56 
4 14 13 
94 69 71 
85 31 82 
22 34 23 
36 8 94 
47 48 64 
38 76 20 
54 6 33 
72 59 78 
30 88 8 
17 94 37 
51 90 40 
61 22 43 
11 54 68 
40 9 10 
1 6 20 
98 99 82 
85 90 89 
22 10 65 
40 79 77 
74 100 36 
57 55 66 
28 25 33 
95 6 38 
70 17 15 
56 71 98 
87 36 63 
46 90 26 
37 62 11 
62 90 55 
56 11 98 
83 95 92 
40 31 56 
35 6 80 
22 42 74 
28 22 53 
1 16 72 
22 77 2 
8 79 20 
52 68 94 
10 40 68 
95 70 74 
84 44 62 
11 57 94 
100 60 3 
14 41 99 
84 34 60 
83 2 29 
87 74 39 
44 13 17 
40 41 7 
3 17 72 
34 89 63 
27 62 70 
40 78 72 
33 72 94 
74 54 20 
87 25 16 
28 99 57 
42 70 91 
99 71 19 
71 38 8 
83 35 3 
25 87 45 
44 45 23 
20 98 45 
12 58 92 
58 97 26 
9 54 36 
85 48 28 
38 93 47 
38 82 81 
4 95 56 
61 71 43 
93 45 95 
96 76 90 
8 45 59 
33 53 42 
83 41 34 
87 28 23 
40 41 51 
11 12 37 
96 57 91 
61 40 13 
36 58 17 
83 94 52 
90 71 31 
99 86 12 
27 63 35 
40 98 45 
93 39 85 
93 86 85 
85 87 56 
64 97 72 
45 95 49 
10 20 31 
6 32 67 
77 24 74 
80 36 55 
3 37 100 
73 33 25 
68 82 73 
46 27 34 
90 100 14 
7 8 3 
96 50 32 
73 92 63 
38 79 39 
22 96 33 
68 37 2 
13 42 22 
22 38 46 
90 2 99 
5 24 44 
79 46 81 
100 74 84 
21 88 10 
49 2 14 
73 49 54 
79 64 53 
69 34 83 
49 95 59 
92 36 24 
87 75 51 
50 34 95 
33 47 62 
33 98 46 
16 84 20 
29 22 18 
97 11 14 
38 18 62 
53 32 94 
59 41 13 
32 72 57 
81 18 63 
4 42 5 
45 96 82 
72 42 23 
13 79 25 
13 75 87 
61 53 23 
24 26 21 
80 8 47 
83 47 33 
2 6 63 
15 70 52 
55 80 77 
27 48 73 
26 45 6 
31 16 100 
69 66 85 
97 98 95 
36 51 31 
49 63 62 
78 37 88 
59 87 54 
1 94 32 
31 51 89 
99 69 88 
80 89 1 
40 77 42 
80 56 49 
2 49 85 
20 29 54 
90 36 22 
87 63 98 
63 73 44 
19 56 50 
63 80 93 
43 78 75 
18 43 68 
67 19 3 
49 70 1 
10 76 5 
21 51 62 
69 3 65 
42 91 93 
28 58 16 
20 91 36 
74 55 40 
37 96 81 
27 41 100 
45 66 22 
37 79 16 
20 18 3 
13 46 89 
55 9 56 
96 38 56 
44 7 60 
85 38 20 
38 45 29 
19 14 89 
40 1 79 
12 7 60 
21 20 11 
77 75 11 
96 63 17 
3 26 85 
86 68 78 
100 26 44 
95 52 71 
9 70 23 
2 9 6 
37 75 100 
14 97 49 
42 6 45 
61 15 63 
52 91 79 
70 6 64 
14 94 77 
33 37 3 
86 94 51 
40 88 3 
9 88 10 
70 54 72 
64 21 5 
97 19 100 
29 87 46 
40 37 27 
97 29 65 
16 86 90 
47 73 65 
73 76 44 
88 50 69 
78 44 97 
51 49 63 
92 90 3 
28 77 76 
8 94 10 
72 10 19 
51 33 49 
89 48 44 
24 8 37 
18 97 62 
95 52 79 
45 48 4 
16 48 29 
88 53 22 
47 22 3 
66 2 98 
16 52 64 
38 45 26 
90 58 73 
94 100 74 
23 55 92 
41 87 19 
81 89 64 
9 46 2 
72 27 19 
10 85 67 
39 80 18 
42 58 51 
39 97 60 
15 27 23 
28 62 16 
50 12 93 
14 48 85 
73 31 23 
76 84 95 
92 22 56 
80 4 50 
60 61 3 
85 55 94 
44 20 94 
68 20 34 
78 58 70 
68 73 59 
61 7 52 
20 42 59 
36 62 37 
17 97 44 
66 92 45 
34 48 100 
68 38 74 
100 42 46 
55 8 85 
35 48 38 
75 80 27 
43 42 1 
82 8 54 
74 13 60 
43 74 95 
64 69 98 
44 64 76 
57 45 6 
26 96 5 
40 2 22 
66 52 72 
94 100 46 
92 50 9 
85 96 19 
26 65 4 
15 62 89 
79 58 60 
85 48 4 
4 68 88 
24 54 41 
66 46 68 
61 12 4 
100 37 45 
100 49 12 
72 33 82 
14 33 21 
43 21 40 
69 41 72 
24 25 3 
54 61 75 
55 99 4 
11 44 89 
40 10 94 
26 66 57 
8 69 18 
79 82 70 
66 51 99 
41 12 17 
1 50 33 
3 96 29 
36 62 76 
5 11 97 
24 98 54 
2 74 95 
71 37 19 
87 78 35 
25 27 4 
18 22 55 
42 62 77 
25 89 5 
85 46 16 
18 45 55 
82 22 32 
78 88 46 
58 11 83 
11 24 29 
23 5 79 
93 55 99 
64 42 48 
75 44 50 
30 12 65 
3 45 81 
19 91 87 
85 44 96 
49 32 13 
69 68 49 
71 84 46 
46 95 91 
89 98 25 
77 19 88 
55 16 63 
99 30 43 
40 88 14 
64 33 12 
96 50 7 
48 26 54 
31 90 56 
79 65 17 
22 15 14 
64 23 1 
47 88 43 
57 21 93 
42 14 78 
46 26 12 
4 29 36 
100 25 38 
44 90 40 
99 27 2 
50 3 24 
92 56 21 
85 15 12 
84 53 15 
34 38 84 
57 21 36 
51 21 56 
55 67 14 
40 65 16 
80 92 68 
81 7 38 
55 16 12 
73 25 29 
10 100 65 
43 26 77 
90 73 69 
29 21 8 
28 45 41 
2 81 26 
58 86 23 
78 91 35 
30 16 75 
32 1 77 
84 29 48 
42 98 86 
8 14 50 
76 41 88 
17 68 91 
43 83 67 
7 82 10 
18 74 25 
22 10 89 
89 94 68 
3 54 76 
17 80 25 
3 78 99 
66 71 48 
57 2 25 
25 13 62 
36 62 2 
75 88 13 
93 8 86 
77 62 78 
27 25 62 
4 26 93 
8 57 100 
61 10 43 
2 77 21 
50 78 5 
67 38 93 
66 44 64 
31 14 32 
10 3 25 
98 15 24 
84 22 94 
61 88 75 
54 85 70 
31 65 69 
49 45 98 
18 87 38 
10 94 2 
66 74 43 
46 64 65 
96 14 51 
42 7 54 
25 41 52 
24 85 65 
33 84 74 
84 87 85 
75 54 55 
17 60 26 
33 38 84 
14 95 53 
20 48 6 
27 58 77 
31 4 29 
92 56 53 
60 81 67 
55 52 64 
85 33 88 
80 94 23 
72 49 19 
6 8 90 
55 20 52 
29 77 100 
70 66 38 
21 56 12 
18 17 43 
49 89 75 
38 72 57 
85 17 50 
27 29 72 
68 31 84 
12 93 66 
97 14 24 
14 12 75 
73 32 14 
31 33 13 
94 22 74 
49 53 48 
3 7 20 
86 84 97 
18 92 5 
79 85 89 
85 52 37 
5 32 22 
70 99 66 
13 14 21 
29 15 17 
78 66 61 
36 71 88 
86 20 7 
4 47 46 
47 25 78 
22 26 43 
66 17 22 
25 44 99 
28 60 53 
2 27 12 
47 60 27 
20 88 16 
19 37 92 
1 51 62 
26 33 30 
94 99 86 
14 63 51 
87 69 91 
62 86 69 
30 42 9 
21 14 62 
91 60 27 
52 8 86 
73 34 11 
22 39 13 
96 43 20 
56 8 66 
89 15 84 
81 92 37 
79 56 8 
78 64 66 
76 92 74 
88 35 94 
95 24 82 
38 30 45 
5 56 74 
84 33 61 
70 15 72 
77 8 67 
31 54 35 
19 11 10 
1 50 35 
75 51 29 
76 33 89 
37 96 97 
55 66 26 
78 63 69 
7 45 35 
100 85 6 
38 100 90 
27 71 90 
15 100 99 
73 46 78 
69 42 75 
19 91 80 
44 48 69 
9 22 29 
100 37 80 
29 12 88 
85 21 25 
94 58 69 
49 77 95 
16 88 11 
1 23 66 
9 22 95 
38 98 46 
5 46 22 
65 54 59 
20 1 7 
14 92 65 
50 1 8 
6 60 49 
39 18 63 
98 41 40 
40 99 97 
15 59 79 
38 88 44 
13 95 91 
47 27 32 
76 46 68 
35 11 16 
1 14 22 
78 53 47 
46 5 26 
33 26 81 
60 57 5 
76 68 51 
98 80 60 
89 61 25 
47 50 27 
47 88 4 
29 16 87 
3 79 12 
28 27 81 
44 46 61 
28 98 67 
47 8 63 
4 10 61 
18 70 36 
49 71 46 
49 19 71 
58 64 10 
17 74 6 
49 3 98 
41 94 84 
96 25 45 
52 94 80 
19 7 74 
41 19 48 
74 56 76 
68 9 56 
62 53 34 
20 82 77 
58 97 30 
60 58 4 
54 9 90 
8 78 30 
18 56 51 
79 26 68 
14 60 19 
52 62 96 
81 21 60 
23 42 83 
96 5 49 
26 82 67 
48 74 98 
43 54 55 
100 9 83 
8 4 10 
46 47 80 
73 47 9 
20 12 88 
74 40 53 
25 37 1 
34 65 16 
79 84 100 
21 23 90 
25 85 61 
69 49 17 
12 7 88 
64 67 47 
35 59 84 
95 29 26 
49 21 86 
6 26 12 
17 36 49 
74 81 67 
79 82 74 
79 35 69 
49 18 15 
36 53 59 
27 99 97 
50 14 21 
65 56 44 
51 17 52 
17 9 62 
2 14 37 
68 32 36 
36 14 62 
99 22 75 
72 70 83 
19 64 80 
3 69 13 
83 15 51 
15 51 1 
19 45 5 
59 95 47 
26 78 21 
43 66 7 
9 99 18 
56 98 17 
31 53 26 
24 100 8 
57 49 45 
34 37 5 
35 26 23 
21 63 82 
70 16 7 
46 72 69 
2 25 85 
70 59 66 
92 14 56 
59 25 29 
94 72 40 
69 33 74 
25 72 57 
21 25 10 
42 86 90 
10 97 54 
31 45 57 
37 78 5 
17 9 37 
12 4 99 
44 90 93 
18 60 24 
43 15 26 
46 60 74 
100 82 84 
44 49 80 
15 13 88 
49 44 26 
39 50 33 
46 39 87 
76 91 87 
84 57 94 
74 42 3 
42 55 88 
45 79 19 
58 12 1 
39 75 3 
5 75 34 
84 32 39 
98 77 71 
30 23 26 
30 26 15 
26 19 75 
4 53 17 
92 100 89 
26 94 86 
17 4 3 
29 82 74 
40 94 16 
67 7 73 
43 41 39 
18 92 2 
98 77 22 
99 77 20 
25 86 70 
31 94 81 
87 96 30 
5 97 89 
5 78 44 
55 99 48 
82 39 91 
74 2 89 
4 46 49 
23 95 63 
