5000
80 38 46 
81 17 12 
93 62 61 
85 100 1 
33 26 98 
43 52 62 
31 21 33 
76 38 60 
59 42 19 
35 42 25 
88 92 12 
33 59 97 
15 89 84 
73 23 86 
78 69 73 
27 2 33 
11 97 14 
83 84 69 
5 48 34 
98 50 30 
5 47 38 
13 25 32 
36 83 58 
11 83 58 
89 37 55 
52 70 15 
37 65 24 
36 47 30 
62 80 49 
15 17 20 
79 20 37 
62 26 100 
82 16 83 
84 12 68 
58 27 91 
52 72 54 
18 51 95 
94 77 41 
43 98 77 
84 34 60 
88 17 86 
39 67 56 
7 3 18 
96 63 74 
81 36 26 
26 97 7 
67 22 28 
13 27 8 
34 35 8 
43 56 46 
62 1 51 
72 18 26 
54 13 28 
61 77 66 
61 91 24 
38 39 79 
30 38 36 
52 10 80 
99 22 75 
4 2 95 
35 59 84 
10 20 73 
2 34 15 
95 14 63 
57 38 45 
58 49 80 
43 46 93 
71 22 34 
88 33 71 
64 19 44 
89 6 91 
13 33 31 
95 68 64 
57 44 28 
8 56 66 
84 77 69 
11 10 19 
5 92 18 
22 69 98 
19 45 65 
69 57 3 
51 28 43 
95 100 49 
45 20 53 
36 76 62 
77 12 42 
42 28 85 
66 26 57 
30 26 33 
11 89 88 
69 45 80 
17 4 53 
77 9 34 
20 29 100 
21 29 28 
49 32 13 
94 26 86 
76 90 73 
40 82 2 
70 60 69 
84 59 95 
70 3 98 
91 83 50 
75 59 14 
45 55 68 
29 36 81 
17 63 49 
71 78 15 
34 98 44 
42 6 45 
12 20 15 
79 39 98 
98 93 8 
74 87 39 
57 77 3 
99 58 17 
49 25 12 
35 69 40 
93 27 49 
57 23 41 
94 38 14 
14 32 79 
22 93 66 
82 95 79 
19 86 77 
10 56 12 
55 100 36 
66 7 82 
39 71 15 
89 95 32 
97 17 77 
7 75 67 
35 100 56 
54 51 15 
64 12 33 
36 44 7 
35 95 87 
57 12 21 
50 56 19 
14 100 90 
82 84 11 
36 16 100 
15 63 95 
72 23 42 
17 46 87 
80 71 5 
14 12 36 
87 100 34 
10 29 74 
33 57 62 
55 67 92 
93 81 92 
57 12 39 
14 42 78 
46 94 91 
34 39 51 
95 90 20 
73 1 86 
84 13 59 
63 58 78 
93 44 90 
74 70 75 
73 58 96 
44 81 51 
74 56 5 
50 79 22 
32 34 94 
57 2 25 
27 92 88 
68 19 3 
85 92 14 
88 29 68 
59 25 31 
36 70 18 
78 30 29 
25 31 91 
9 37 68 
91 16 100 
84 82 100 
69 16 49 
44 31 27 
15 64 60 
88 14 11 
17 53 25 
8 70 10 
44 89 11 
40 88 3 
70 54 72 
45 58 15 
80 47 71 
22 58 49 
65 76 54 
65 36 41 
28 33 25 
88 55 75 
70 17 86 
63 43 61 
62 82 43 
25 30 2 
35 54 75 
72 28 11 
29 14 89 
1 2 82 
83 76 57 
80 76 62 
40 53 74 
28 30 88 
63 29 76 
13 99 83 
52 31 30 
15 45 35 
33 27 48 
60 61 3 
72 38 76 
70 72 68 
27 33 5 
70 85 82 
70 56 51 
31 96 71 
44 7 60 
36 98 85 
76 31 93 
73 5 27 
85 99 10 
88 87 95 
73 86 53 
12 6 74 
100 15 70 
48 79 22 
12 90 4 
84 33 61 
12 54 46 
46 67 70 
100 69 10 
44 54 5 
78 36 46 
76 56 17 
16 48 17 
72 38 97 
57 88 30 
68 33 44 
9 2 10 
30 58 5 
47 15 56 
65 97 64 
28 1 34 
66 67 29 
65 81 37 
58 20 84 
97 22 64 
27 41 75 
4 65 25 
9 1 62 
63 82 16 
91 38 37 
79 29 1 
31 29 58 
74 2 90 
28 38 34 
16 70 52 
61 22 81 
55 56 34 
17 65 38 
68 35 86 
80 46 89 
90 12 50 
93 44 33 
8 20 79 
52 70 29 
24 43 7 
74 3 42 
25 80 82 
45 30 98 
82 15 70 
74 33 59 
54 91 53 
71 77 87 
39 71 35 
91 39 27 
33 95 16 
1 79 81 
74 34 33 
71 15 3 
96 12 1 
3 8 32 
62 68 99 
38 48 28 
4 56 86 
37 4 60 
11 67 92 
77 6 99 
73 30 47 
18 42 38 
14 88 40 
75 56 24 
86 42 98 
31 19 66 
75 54 61 
15 18 83 
52 5 8 
35 61 66 
50 96 63 
55 4 15 
68 22 96 
58 32 78 
68 59 73 
49 82 57 
46 95 2 
27 97 99 
53 61 55 
37 92 81 
50 14 8 
1 39 46 
66 49 81 
80 98 71 
97 62 27 
79 68 99 
33 2 22 
59 80 94 
98 64 34 
18 27 31 
7 69 82 
71 20 70 
50 10 2 
43 75 78 
12 58 20 
9 25 67 
63 19 81 
78 50 34 
64 25 6 
32 24 22 
27 43 17 
80 9 46 
11 47 57 
22 9 29 
64 46 26 
60 41 67 
72 16 2 
97 86 39 
47 89 51 
69 45 15 
80 7 17 
18 44 93 
4 42 76 
94 86 85 
47 11 66 
88 71 36 
49 52 39 
46 36 23 
100 15 99 
78 59 99 
70 94 19 
11 79 100 
15 22 61 
73 50 10 
33 22 11 
81 74 80 
46 91 95 
55 87 54 
87 46 29 
9 92 50 
97 1 60 
69 17 62 
46 81 87 
64 76 25 
9 92 80 
80 8 21 
44 24 71 
5 72 81 
91 85 74 
15 53 9 
9 98 75 
77 1 32 
35 54 68 
69 72 41 
65 32 91 
45 89 22 
66 93 12 
78 8 74 
61 73 16 
36 2 50 
99 14 71 
99 34 11 
18 1 70 
82 57 76 
52 64 40 
30 84 25 
68 92 80 
8 100 57 
78 25 47 
59 74 83 
54 6 48 
48 61 56 
6 56 48 
96 60 77 
18 43 68 
94 40 1 
78 29 21 
85 89 38 
42 83 23 
72 36 23 
80 90 18 
55 13 21 
3 54 76 
21 71 82 
55 81 35 
30 31 64 
100 82 96 
4 3 34 
9 73 61 
27 76 100 
18 67 89 
84 10 69 
81 84 42 
7 93 18 
8 85 5 
75 34 43 
37 88 24 
79 20 45 
38 68 82 
70 72 83 
26 19 69 
14 45 68 
15 80 61 
85 49 15 
8 58 65 
97 10 81 
71 98 56 
28 87 71 
98 36 68 
27 58 24 
23 35 26 
17 50 49 
70 28 61 
42 81 38 
27 83 37 
73 39 51 
93 13 40 
81 86 11 
81 76 12 
35 28 56 
16 88 90 
7 14 83 
88 46 78 
56 9 77 
81 89 71 
19 85 75 
46 53 37 
4 63 28 
81 2 26 
84 93 81 
45 10 60 
42 14 3 
100 64 55 
86 21 49 
5 50 18 
54 59 62 
92 68 19 
55 57 86 
10 28 36 
90 16 86 
88 66 79 
61 75 88 
57 32 72 
64 11 40 
66 52 72 
26 15 43 
73 36 51 
30 38 21 
53 87 91 
4 59 58 
45 36 81 
5 18 42 
8 86 88 
10 18 32 
88 3 79 
88 99 6 
53 49 48 
1 7 26 
93 96 8 
8 95 1 
21 2 45 
82 77 59 
10 44 73 
66 44 97 
69 17 49 
5 35 88 
9 92 51 
29 74 92 
17 71 81 
52 76 69 
35 65 8 
48 81 28 
91 42 70 
84 33 76 
4 93 75 
7 56 55 
100 31 16 
66 79 11 
68 20 16 
68 75 4 
41 25 88 
85 6 100 
3 16 59 
100 75 26 
68 26 87 
60 87 69 
18 56 25 
58 79 25 
15 16 5 
19 78 97 
84 74 33 
77 50 2 
70 35 80 
38 100 25 
53 88 93 
11 43 64 
69 78 29 
86 99 12 
36 21 9 
99 55 93 
18 34 22 
13 59 57 
44 79 94 
48 97 71 
99 64 57 
50 12 83 
86 29 54 
95 23 63 
1 29 19 
1 97 71 
58 11 78 
64 67 13 
65 84 94 
54 61 7 
9 69 6 
99 22 63 
86 33 55 
60 4 58 
80 31 41 
76 75 41 
64 100 3 
8 81 83 
71 68 35 
1 14 22 
8 26 68 
21 55 99 
26 58 52 
49 58 52 
69 65 61 
83 18 61 
65 71 9 
44 17 13 
16 43 18 
59 58 77 
87 26 80 
39 28 83 
74 26 1 
1 17 32 
3 8 31 
96 28 32 
46 41 44 
35 7 58 
23 24 67 
41 72 58 
7 83 29 
14 13 53 
93 89 10 
17 80 96 
62 76 56 
81 70 5 
29 76 84 
19 92 86 
98 96 41 
2 72 82 
13 8 89 
74 76 35 
35 76 100 
81 99 30 
98 47 20 
15 20 26 
71 25 93 
62 25 78 
68 40 10 
15 69 18 
10 63 48 
39 38 42 
14 80 52 
53 51 4 
41 81 82 
73 40 21 
27 6 35 
50 100 47 
24 14 97 
54 26 48 
92 74 20 
68 18 4 
83 47 78 
80 28 76 
74 55 51 
44 56 35 
25 69 71 
58 81 18 
43 40 9 
13 91 95 
22 2 40 
26 3 12 
85 62 28 
47 80 46 
16 39 78 
60 21 81 
25 21 1 
28 1 29 
26 60 28 
9 45 64 
53 100 93 
92 55 58 
71 98 77 
62 17 73 
100 25 76 
2 40 31 
41 97 96 
58 95 78 
94 80 13 
15 16 71 
15 95 12 
53 80 40 
72 4 28 
19 100 89 
27 26 60 
52 73 82 
78 46 15 
100 78 67 
16 46 85 
22 15 27 
55 88 42 
54 25 34 
10 91 56 
100 56 98 
31 16 5 
23 66 99 
87 25 93 
13 9 27 
69 20 45 
55 52 64 
59 73 3 
26 60 17 
59 17 54 
100 19 82 
37 78 80 
25 26 80 
92 96 51 
11 20 2 
65 95 71 
42 5 6 
57 94 11 
68 56 9 
4 58 43 
51 89 31 
99 63 29 
7 48 69 
74 33 31 
12 16 88 
31 13 35 
11 37 41 
96 41 11 
73 4 34 
81 67 60 
46 91 29 
14 69 81 
59 31 48 
75 61 9 
12 76 62 
57 72 25 
16 70 49 
92 29 68 
49 1 13 
50 66 19 
35 52 44 
98 47 62 
31 67 84 
17 39 13 
72 27 19 
77 42 33 
10 67 46 
3 4 1 
81 32 89 
90 51 40 
38 39 27 
35 78 91 
12 100 49 
55 21 72 
8 4 10 
86 30 37 
96 81 78 
46 30 9 
71 31 20 
59 8 87 
15 30 81 
24 34 29 
27 13 29 
67 36 76 
56 78 13 
62 79 27 
3 10 52 
71 17 98 
10 45 34 
60 51 48 
29 34 7 
17 66 31 
63 94 59 
85 98 9 
63 58 71 
46 12 26 
14 94 92 
26 40 28 
55 21 40 
87 63 98 
83 48 66 
94 64 86 
51 94 91 
19 47 87 
46 96 73 
59 33 17 
32 7 30 
95 3 69 
13 30 59 
3 40 19 
93 19 55 
21 65 30 
8 52 86 
78 62 77 
71 33 69 
3 81 45 
87 44 83 
6 26 42 
99 17 3 
8 63 47 
41 49 60 
74 37 7 
3 87 74 
59 13 41 
88 76 25 
37 25 1 
6 93 29 
71 90 72 
14 85 30 
74 47 86 
27 37 40 
88 77 56 
75 87 94 
68 4 80 
16 56 69 
72 12 44 
85 66 69 
55 14 67 
14 100 52 
12 99 92 
25 53 11 
1 97 66 
50 9 58 
22 100 83 
33 60 62 
11 95 45 
43 11 33 
96 9 44 
99 64 6 
25 18 2 
78 8 32 
12 78 60 
100 25 8 
11 50 78 
67 3 19 
34 38 10 
24 12 10 
60 73 41 
23 21 90 
98 26 93 
94 72 40 
65 41 71 
51 29 58 
73 3 42 
85 42 52 
47 67 58 
19 3 85 
74 33 13 
77 95 44 
88 5 84 
84 3 16 
30 71 41 
71 77 55 
62 91 20 
35 76 63 
85 14 48 
72 40 14 
66 64 11 
35 44 10 
56 57 40 
14 60 49 
94 80 52 
33 14 69 
52 89 2 
43 78 52 
26 44 49 
68 30 16 
31 28 17 
27 32 67 
95 14 53 
83 31 98 
80 99 72 
63 85 77 
68 45 52 
24 86 67 
38 73 67 
44 25 24 
97 50 22 
80 76 10 
43 4 85 
12 91 41 
21 24 31 
100 11 13 
76 23 98 
26 10 7 
37 30 25 
95 69 23 
14 56 54 
92 5 74 
79 33 46 
81 24 70 
35 1 50 
39 88 7 
44 10 82 
90 88 15 
90 47 16 
49 1 48 
51 88 2 
16 89 93 
1 55 65 
10 86 6 
45 95 16 
55 45 18 
20 78 87 
18 20 23 
11 73 10 
2 40 20 
13 97 9 
62 14 79 
55 56 38 
5 24 42 
35 53 55 
69 37 66 
1 15 24 
15 54 97 
71 68 1 
73 85 66 
25 11 9 
53 31 91 
5 59 70 
43 55 54 
39 60 41 
40 98 44 
48 37 43 
69 68 14 
59 94 33 
30 58 97 
72 97 61 
16 7 48 
34 36 77 
59 41 72 
47 50 27 
70 33 77 
16 75 88 
23 7 70 
16 30 47 
25 59 95 
61 24 17 
20 69 16 
32 84 79 
42 4 28 
73 97 10 
26 99 37 
21 14 13 
23 9 58 
6 31 41 
59 64 44 
53 18 70 
95 45 49 
22 14 89 
71 92 85 
10 35 34 
28 69 1 
73 90 58 
21 65 18 
81 70 36 
38 63 36 
21 19 5 
96 9 74 
44 50 27 
1 27 87 
94 20 82 
42 98 37 
61 13 24 
34 46 87 
79 3 12 
5 95 19 
7 73 60 
94 4 83 
10 89 22 
47 60 27 
44 56 65 
53 48 28 
8 19 64 
70 17 65 
74 41 48 
50 8 89 
68 49 4 
68 91 15 
3 49 65 
37 8 30 
38 65 69 
10 26 23 
13 80 64 
5 62 4 
84 48 70 
61 67 41 
82 74 79 
8 99 47 
31 13 38 
63 26 71 
51 46 7 
38 76 27 
64 34 25 
80 42 95 
79 31 36 
61 46 44 
31 80 55 
87 78 30 
29 26 51 
82 34 77 
2 62 14 
80 98 27 
32 99 48 
21 3 75 
91 27 75 
23 48 87 
71 24 72 
87 37 19 
1 34 15 
9 21 81 
83 92 84 
3 65 69 
24 48 90 
22 76 82 
53 15 84 
26 43 22 
17 15 56 
25 54 97 
81 84 66 
43 88 35 
87 45 25 
91 26 19 
41 24 54 
59 45 8 
61 93 99 
14 85 23 
15 30 26 
44 1 97 
96 76 4 
38 5 7 
68 46 76 
72 55 87 
92 69 44 
94 71 69 
16 76 67 
21 3 7 
56 8 79 
29 39 94 
21 22 23 
32 21 9 
91 5 6 
91 7 32 
42 26 25 
99 11 23 
9 3 34 
41 21 19 
40 56 42 
14 63 52 
30 81 39 
66 93 81 
47 88 4 
93 88 13 
76 90 39 
40 58 42 
82 4 9 
79 23 16 
68 73 25 
47 21 12 
3 43 72 
99 72 38 
54 1 28 
79 14 20 
72 78 34 
4 33 94 
8 52 65 
60 68 22 
59 9 33 
44 74 97 
22 16 15 
23 81 52 
69 15 42 
96 40 77 
81 8 1 
18 80 59 
36 17 62 
51 25 99 
85 63 47 
12 11 28 
47 29 88 
87 85 39 
98 66 2 
61 75 94 
15 26 24 
14 93 28 
81 76 19 
55 100 19 
10 87 57 
22 100 87 
84 58 95 
59 61 56 
37 85 19 
17 40 13 
62 81 94 
17 19 47 
81 22 85 
68 97 57 
77 86 37 
44 10 70 
36 92 24 
29 24 93 
42 13 22 
96 85 44 
66 60 2 
83 75 78 
84 75 43 
59 63 55 
38 63 3 
77 2 89 
37 42 13 
6 5 86 
2 83 54 
5 91 51 
38 1 84 
36 18 14 
35 66 6 
10 40 94 
19 40 46 
15 22 71 
33 66 51 
12 2 97 
89 34 94 
21 93 66 
11 20 21 
92 37 67 
61 52 72 
93 44 3 
70 61 49 
12 8 86 
37 67 62 
40 41 57 
99 39 65 
24 40 78 
81 11 93 
95 5 59 
6 9 44 
96 40 14 
75 77 48 
32 4 75 
3 10 25 
89 57 65 
24 4 5 
12 45 37 
18 20 24 
60 5 57 
94 86 51 
24 81 87 
100 75 37 
7 90 74 
49 52 95 
68 10 18 
65 92 87 
22 35 59 
72 17 6 
31 87 71 
92 61 52 
93 68 90 
43 89 38 
49 20 2 
98 27 53 
11 31 77 
46 68 66 
10 95 15 
35 72 82 
48 44 89 
43 98 18 
83 63 18 
27 86 14 
14 16 46 
70 95 72 
13 23 52 
36 5 58 
39 65 29 
71 93 33 
22 94 70 
64 46 16 
1 59 62 
81 17 3 
23 21 97 
80 99 16 
16 79 61 
43 10 56 
90 51 38 
42 44 5 
52 9 24 
99 5 21 
3 5 26 
39 32 63 
40 16 70 
25 99 44 
85 28 64 
94 9 35 
67 12 20 
88 75 13 
18 52 95 
37 42 64 
15 32 78 
81 62 98 
58 25 78 
27 39 64 
45 66 37 
81 95 31 
37 3 50 
83 75 26 
43 10 45 
41 96 68 
51 28 52 
2 92 18 
94 9 76 
98 68 37 
52 84 54 
34 5 39 
96 62 74 
6 33 54 
34 42 15 
64 98 73 
29 95 26 
21 49 53 
1 63 42 
40 14 34 
50 38 96 
58 44 73 
66 68 10 
80 75 27 
37 26 32 
50 8 1 
27 28 12 
57 97 92 
21 57 93 
25 21 85 
45 49 57 
43 85 73 
97 62 91 
1 47 44 
38 20 76 
20 69 88 
13 4 39 
64 41 44 
35 81 58 
54 34 66 
31 88 64 
23 16 9 
92 70 24 
53 2 64 
6 8 41 
95 92 83 
78 8 48 
69 87 58 
31 53 26 
74 45 17 
13 60 74 
69 18 62 
93 91 11 
43 16 30 
90 62 10 
25 70 17 
16 67 85 
14 76 36 
16 37 73 
49 81 94 
68 15 25 
66 37 77 
79 5 23 
59 39 64 
84 26 11 
59 95 79 
77 12 37 
68 75 42 
31 79 87 
23 71 39 
84 33 73 
53 22 88 
4 93 15 
51 49 58 
82 74 65 
27 46 80 
62 94 34 
8 49 54 
15 13 30 
100 74 36 
38 89 76 
23 17 21 
2 83 29 
44 31 95 
95 50 34 
75 43 12 
49 51 86 
43 30 2 
79 72 1 
21 88 93 
19 53 28 
42 75 69 
2 60 16 
48 27 47 
94 84 5 
85 74 89 
79 15 4 
38 44 43 
80 41 75 
97 47 60 
1 12 31 
45 78 64 
32 97 41 
16 68 85 
95 66 24 
10 5 76 
3 83 52 
99 11 18 
96 87 6 
79 98 58 
54 33 9 
72 16 1 
52 79 17 
85 30 49 
46 41 2 
71 69 2 
96 83 49 
46 27 13 
3 45 23 
86 35 99 
2 10 44 
84 76 3 
52 64 65 
44 29 14 
20 79 96 
36 61 75 
41 2 32 
10 4 43 
25 85 2 
58 34 61 
63 6 2 
70 22 58 
83 67 43 
44 63 16 
10 80 57 
39 60 6 
57 31 45 
71 64 73 
83 62 78 
46 9 25 
55 67 10 
47 21 20 
71 14 9 
5 35 90 
64 78 22 
57 82 27 
8 89 16 
96 64 81 
2 52 41 
25 89 11 
89 59 55 
1 89 80 
1 65 24 
90 30 88 
2 49 69 
45 90 82 
61 43 10 
49 64 65 
47 18 84 
65 4 91 
25 39 59 
89 34 99 
38 40 57 
86 47 93 
62 35 56 
53 64 70 
40 66 52 
10 91 57 
79 63 75 
48 52 35 
80 71 37 
60 58 79 
82 77 20 
64 100 86 
55 91 48 
90 94 38 
14 30 43 
93 35 22 
80 24 22 
86 30 48 
18 72 83 
50 32 96 
24 21 26 
50 58 90 
98 88 97 
56 58 90 
91 20 36 
1 7 44 
57 2 51 
78 44 42 
37 14 31 
50 88 20 
99 15 7 
40 44 90 
1 85 27 
91 75 41 
97 23 89 
68 51 76 
74 3 86 
90 48 34 
14 65 89 
8 47 80 
53 50 63 
9 50 38 
48 15 44 
64 60 91 
68 90 66 
53 16 84 
12 71 43 
28 58 16 
93 64 92 
59 27 30 
55 82 33 
91 86 23 
91 83 16 
25 38 91 
11 85 38 
9 36 57 
99 66 58 
25 15 4 
70 66 38 
78 33 36 
92 73 7 
96 40 100 
24 66 45 
37 80 49 
13 22 31 
67 1 4 
94 2 10 
79 17 74 
76 93 95 
40 67 17 
32 80 54 
37 62 6 
44 97 17 
33 13 89 
8 98 26 
85 30 54 
19 96 61 
60 53 40 
17 37 94 
26 50 47 
51 46 44 
40 65 98 
63 62 49 
68 13 16 
97 1 78 
85 2 68 
76 83 90 
61 98 75 
87 10 36 
8 39 78 
59 42 20 
85 1 70 
14 62 21 
95 3 67 
22 95 20 
48 25 89 
33 45 30 
22 42 61 
24 42 87 
11 12 37 
66 36 63 
36 19 1 
14 77 94 
64 43 23 
36 56 12 
30 48 15 
23 31 91 
96 74 85 
18 63 39 
11 44 35 
34 94 95 
41 45 65 
38 21 60 
2 17 14 
54 46 66 
47 29 26 
48 67 60 
5 52 77 
12 63 58 
4 28 18 
78 74 25 
74 41 47 
50 93 82 
40 64 86 
76 41 25 
89 62 15 
53 78 51 
94 42 32 
73 10 40 
80 7 86 
80 84 82 
5 45 73 
22 89 40 
99 71 19 
95 59 47 
46 34 52 
61 81 40 
38 23 13 
12 60 38 
71 17 22 
68 90 7 
97 56 46 
11 18 16 
59 67 40 
96 24 78 
74 95 70 
35 88 94 
21 9 40 
27 24 60 
15 66 33 
66 55 22 
95 49 63 
88 16 20 
67 39 18 
57 19 44 
5 27 23 
26 83 7 
66 61 6 
78 66 92 
35 8 48 
25 14 8 
89 1 71 
72 45 33 
100 72 16 
74 77 55 
94 84 22 
8 19 63 
38 30 45 
82 58 70 
34 81 45 
63 15 12 
100 18 30 
59 28 8 
73 48 27 
67 74 42 
7 24 57 
42 28 26 
73 1 35 
85 55 8 
33 75 74 
31 24 70 
39 54 31 
99 18 63 
12 58 85 
63 90 39 
69 8 50 
92 73 63 
21 58 32 
5 44 38 
62 51 21 
44 5 63 
42 79 81 
29 2 38 
43 98 28 
21 33 51 
51 31 43 
28 48 61 
95 65 49 
68 79 26 
14 2 18 
10 65 100 
86 5 37 
39 76 35 
12 93 85 
97 12 57 
74 40 30 
65 89 82 
6 74 78 
98 68 89 
22 41 69 
50 68 71 
44 20 94 
69 70 84 
48 80 49 
15 56 95 
41 22 15 
67 44 80 
2 88 49 
17 33 36 
11 90 13 
8 66 92 
42 50 47 
38 93 68 
98 1 68 
99 49 73 
66 9 79 
38 96 56 
13 30 9 
64 73 12 
81 68 36 
49 19 71 
5 98 8 
54 22 10 
22 33 27 
46 30 23 
17 73 99 
51 50 12 
53 94 58 
17 79 68 
64 5 21 
21 83 57 
41 12 17 
44 98 28 
74 42 22 
13 66 83 
61 2 25 
19 30 17 
45 76 84 
20 11 70 
83 60 80 
97 74 37 
81 39 70 
57 51 17 
52 9 3 
44 6 85 
17 19 12 
13 69 3 
17 39 3 
62 24 41 
90 2 99 
33 64 93 
43 13 36 
13 76 38 
80 71 65 
19 85 96 
11 56 39 
8 48 28 
55 73 23 
90 84 20 
18 44 36 
54 38 66 
15 9 98 
5 86 76 
36 16 19 
78 46 73 
82 70 79 
27 65 28 
39 13 82 
54 43 91 
53 56 92 
91 8 27 
31 9 20 
74 29 4 
65 45 14 
15 77 64 
5 96 49 
62 40 80 
16 69 31 
64 10 17 
18 71 56 
41 53 29 
92 99 48 
56 78 70 
49 38 72 
94 84 21 
71 90 31 
14 53 62 
47 8 81 
39 31 60 
40 53 44 
52 71 1 
49 7 63 
33 12 85 
73 90 19 
47 50 38 
69 8 74 
46 26 5 
2 98 19 
57 29 27 
71 79 43 
26 25 28 
56 100 23 
38 23 45 
44 63 53 
29 83 47 
99 2 32 
30 32 59 
92 21 64 
92 12 62 
47 56 85 
91 92 75 
65 50 31 
31 4 98 
38 58 9 
38 35 83 
59 6 68 
62 87 36 
72 11 2 
37 66 15 
19 90 71 
41 5 47 
97 14 54 
94 67 76 
40 36 35 
92 55 20 
30 97 39 
95 100 17 
55 57 66 
98 53 22 
59 19 82 
88 100 70 
84 1 65 
63 67 82 
81 29 20 
35 59 70 
61 71 65 
4 28 38 
19 85 80 
46 85 79 
59 28 49 
18 100 62 
5 71 88 
9 70 53 
15 24 54 
45 8 98 
39 48 12 
50 91 25 
12 72 54 
98 51 62 
7 42 55 
20 74 66 
75 52 56 
92 22 56 
74 49 53 
15 29 37 
78 7 43 
23 27 81 
98 95 83 
61 67 7 
52 12 40 
58 96 25 
62 37 29 
69 51 41 
71 78 14 
45 66 92 
27 46 95 
26 33 81 
17 95 28 
60 100 3 
82 25 27 
31 38 36 
2 19 7 
47 12 81 
28 5 90 
93 38 47 
60 2 91 
77 56 86 
63 72 81 
11 29 44 
18 58 34 
100 48 82 
22 14 15 
64 43 10 
53 49 70 
36 44 9 
11 13 26 
58 94 24 
46 40 37 
52 62 66 
26 4 65 
97 81 31 
35 85 33 
44 19 54 
7 47 46 
24 97 15 
61 37 39 
96 29 3 
62 100 39 
60 67 46 
100 24 8 
53 79 50 
84 4 98 
98 25 51 
51 45 30 
49 89 93 
70 85 54 
33 63 86 
76 90 96 
32 53 39 
52 85 76 
46 71 37 
33 37 41 
23 44 93 
79 45 19 
33 65 38 
12 4 19 
37 63 97 
83 21 95 
54 2 6 
52 50 78 
2 42 33 
82 9 74 
56 59 52 
60 98 80 
6 73 67 
48 5 92 
57 84 32 
55 17 11 
93 58 100 
49 40 66 
46 14 27 
1 19 14 
40 59 54 
93 57 13 
90 14 85 
11 57 93 
42 8 24 
82 81 38 
87 16 37 
4 47 46 
68 72 66 
96 11 82 
30 84 96 
78 42 76 
73 93 8 
38 23 7 
13 87 75 
3 49 90 
47 70 80 
33 84 37 
84 31 85 
77 48 90 
21 45 16 
78 48 40 
59 80 2 
88 9 83 
45 60 22 
8 19 78 
78 86 55 
58 83 33 
34 89 48 
17 76 61 
21 41 51 
48 71 3 
84 29 99 
63 61 68 
100 34 99 
68 15 48 
62 38 9 
76 49 42 
3 17 72 
32 25 20 
33 3 47 
10 63 61 
80 77 38 
69 48 20 
19 11 43 
23 89 30 
59 46 11 
47 10 83 
72 29 42 
40 36 82 
98 45 58 
94 6 25 
76 23 44 
38 89 95 
42 89 9 
80 42 39 
10 14 24 
7 51 68 
66 68 38 
42 30 8 
57 2 24 
76 2 44 
47 68 81 
13 26 49 
2 43 25 
58 94 69 
46 25 27 
33 38 77 
1 10 80 
63 82 43 
70 73 62 
51 22 80 
91 14 19 
3 50 44 
48 43 33 
10 75 82 
74 41 36 
8 23 63 
60 100 55 
63 18 73 
17 76 3 
55 31 70 
80 73 32 
72 86 6 
6 20 72 
76 33 89 
61 11 37 
65 28 93 
96 7 8 
50 94 37 
16 85 90 
43 30 89 
26 29 28 
51 41 40 
66 56 1 
56 29 71 
100 72 74 
4 10 78 
14 21 66 
38 45 29 
95 1 54 
66 7 9 
58 66 100 
88 30 8 
29 32 94 
36 79 58 
92 14 65 
17 22 96 
22 48 69 
28 62 93 
2 36 78 
5 10 47 
78 3 49 
72 35 19 
13 11 68 
96 20 25 
44 26 5 
83 77 99 
7 2 15 
23 31 73 
99 60 22 
79 95 55 
81 27 32 
91 94 24 
26 56 4 
34 69 83 
37 80 100 
84 79 100 
40 77 79 
40 95 80 
22 77 78 
19 67 61 
31 59 65 
16 46 49 
18 21 68 
66 46 59 
8 7 68 
16 40 21 
39 84 32 
15 18 3 
3 7 100 
82 24 25 
56 43 100 
79 39 36 
10 28 21 
46 35 36 
44 51 54 
44 10 23 
57 84 94 
5 23 67 
14 76 97 
93 91 74 
100 67 79 
47 33 83 
82 70 29 
23 83 16 
31 81 39 
25 34 31 
59 9 6 
23 35 74 
46 2 6 
24 66 41 
97 62 75 
8 53 57 
16 86 72 
8 19 25 
54 96 60 
62 61 36 
82 70 68 
62 50 2 
84 62 22 
29 66 14 
85 34 92 
22 89 35 
16 24 32 
32 92 9 
80 98 56 
8 27 32 
1 49 95 
4 88 53 
63 76 34 
15 36 16 
28 34 6 
82 95 80 
93 50 12 
44 93 82 
39 92 31 
76 77 5 
91 86 94 
35 47 4 
4 71 61 
93 57 52 
49 70 46 
30 39 4 
56 39 57 
61 15 63 
80 29 27 
51 63 36 
91 23 79 
21 28 74 
17 68 100 
66 2 15 
87 37 82 
27 48 16 
16 71 39 
56 53 79 
6 82 35 
37 6 69 
33 89 46 
71 27 90 
48 98 74 
8 36 94 
45 79 59 
66 57 78 
15 13 17 
54 28 70 
96 37 4 
88 92 91 
90 86 42 
37 5 14 
40 43 64 
62 66 70 
11 27 74 
43 85 36 
67 87 97 
12 34 31 
48 80 51 
2 29 73 
20 45 30 
29 38 73 
41 25 5 
59 10 83 
11 27 67 
2 25 100 
68 14 90 
8 92 11 
95 74 96 
1 11 38 
85 89 79 
20 96 57 
45 56 33 
35 39 78 
19 5 45 
64 17 41 
59 15 24 
43 77 73 
48 73 78 
35 6 38 
39 48 75 
29 48 28 
59 33 96 
22 48 24 
32 75 8 
94 20 9 
68 90 74 
49 60 6 
67 23 18 
3 50 76 
52 91 5 
36 27 38 
71 96 33 
63 71 43 
8 74 73 
96 30 37 
85 67 30 
75 47 9 
42 53 41 
73 4 47 
90 29 58 
41 43 80 
82 35 67 
3 19 33 
39 100 25 
99 52 53 
9 30 42 
55 47 88 
17 5 62 
11 95 16 
26 23 43 
70 86 25 
57 40 15 
84 64 66 
81 37 1 
88 21 75 
71 86 25 
79 26 90 
43 99 30 
49 1 70 
10 65 21 
24 15 98 
12 27 100 
43 4 50 
23 55 98 
98 17 56 
14 11 62 
90 12 36 
37 9 17 
9 66 31 
84 16 27 
6 34 57 
18 27 78 
67 75 13 
28 85 14 
15 33 80 
69 4 51 
73 38 52 
29 85 72 
29 89 33 
23 100 55 
75 23 52 
84 95 76 
64 26 18 
72 10 4 
80 93 63 
90 58 39 
36 34 20 
49 94 29 
54 33 14 
78 75 69 
22 19 17 
37 39 12 
92 17 68 
4 93 26 
38 26 45 
67 77 68 
47 9 32 
22 66 10 
62 97 100 
96 86 35 
87 46 39 
70 86 54 
2 8 23 
71 67 20 
33 15 53 
69 76 36 
14 30 1 
99 59 32 
14 89 43 
21 99 45 
72 27 87 
40 89 39 
90 68 100 
32 75 100 
1 2 38 
87 25 42 
78 49 28 
38 100 90 
78 85 68 
85 30 46 
91 80 13 
32 47 27 
21 6 45 
64 47 79 
35 97 93 
17 76 23 
34 83 2 
13 20 12 
21 10 50 
6 33 46 
46 28 99 
94 23 12 
16 63 35 
89 56 64 
87 84 51 
92 11 97 
29 97 65 
36 70 99 
83 36 79 
75 55 58 
99 65 1 
77 40 53 
97 39 60 
68 72 18 
87 68 80 
32 92 11 
18 12 76 
47 24 66 
55 60 75 
57 45 6 
32 100 60 
49 23 32 
72 46 74 
22 29 77 
17 53 29 
76 95 81 
62 49 53 
88 11 37 
94 55 85 
83 86 35 
91 46 70 
64 36 9 
44 50 75 
90 57 94 
84 56 100 
84 70 64 
59 64 98 
62 89 98 
15 3 19 
90 30 18 
81 71 35 
4 86 21 
57 14 3 
39 62 98 
21 49 75 
44 60 99 
7 70 42 
90 27 83 
68 36 93 
63 84 78 
75 63 2 
53 78 21 
18 19 68 
55 19 41 
88 78 25 
23 84 34 
86 85 93 
22 75 35 
46 60 21 
99 63 55 
70 23 60 
100 83 9 
75 57 63 
19 13 40 
80 22 79 
40 44 18 
25 65 17 
88 72 28 
93 38 25 
38 70 28 
96 22 75 
57 50 39 
39 57 65 
58 10 64 
69 21 56 
64 42 1 
25 33 68 
80 37 93 
40 60 6 
46 84 32 
52 58 53 
98 89 40 
66 60 13 
7 20 9 
54 92 5 
50 56 11 
10 39 87 
35 31 54 
19 86 88 
87 23 95 
31 37 77 
91 20 70 
98 8 48 
10 14 63 
7 98 39 
69 48 60 
62 80 26 
24 45 37 
44 46 80 
61 19 21 
96 97 45 
65 12 50 
87 32 41 
76 72 95 
37 19 11 
11 20 12 
36 62 4 
43 99 26 
82 31 81 
62 18 60 
33 45 41 
68 94 52 
94 84 41 
17 43 6 
94 55 75 
73 41 85 
70 57 50 
22 18 27 
17 52 51 
27 36 74 
90 62 82 
49 94 34 
75 59 50 
52 51 64 
30 95 37 
91 35 33 
8 92 5 
58 72 27 
30 20 83 
78 6 7 
86 55 19 
97 43 47 
32 31 28 
48 40 58 
81 52 74 
31 90 97 
17 18 16 
42 95 86 
25 49 62 
96 14 8 
79 4 19 
30 87 96 
59 34 19 
99 27 2 
69 43 74 
45 97 5 
99 2 35 
8 45 9 
52 3 1 
1 16 41 
51 80 60 
65 78 1 
76 1 44 
62 43 78 
57 62 92 
11 29 81 
9 40 10 
68 79 12 
59 50 3 
86 31 34 
22 35 8 
85 57 10 
90 9 54 
20 1 30 
23 50 30 
64 20 12 
52 88 2 
48 87 70 
38 85 20 
45 81 51 
80 89 12 
9 71 57 
25 17 39 
54 73 49 
17 20 33 
58 81 17 
68 48 16 
42 1 44 
8 21 99 
45 49 98 
70 56 41 
17 29 15 
88 23 12 
65 72 69 
87 32 7 
72 6 76 
41 30 63 
94 35 37 
5 34 52 
7 17 32 
39 25 84 
72 6 10 
94 49 72 
3 42 55 
39 11 81 
87 27 26 
86 33 15 
79 85 40 
81 25 77 
74 35 26 
49 56 98 
36 1 30 
65 29 68 
6 63 89 
85 65 22 
78 37 90 
47 13 6 
31 49 68 
96 57 90 
16 76 24 
23 1 97 
10 62 35 
78 50 5 
17 22 31 
44 2 9 
38 54 41 
32 4 1 
32 23 22 
54 11 87 
48 67 1 
48 92 20 
39 78 62 
49 80 44 
66 63 38 
19 55 98 
44 64 66 
82 84 17 
27 40 30 
27 7 48 
90 89 57 
20 64 93 
5 20 13 
22 62 97 
77 26 21 
67 12 75 
20 26 44 
13 39 19 
30 51 77 
24 97 10 
8 82 54 
68 80 24 
88 6 1 
59 43 4 
67 95 76 
57 66 85 
22 36 90 
49 92 38 
38 77 56 
78 51 31 
28 16 62 
67 29 76 
36 14 62 
38 65 26 
28 35 18 
61 96 56 
55 63 16 
22 82 32 
46 79 81 
60 53 37 
67 32 6 
10 54 97 
36 4 29 
100 31 77 
53 100 26 
20 60 36 
14 45 41 
86 43 10 
8 5 28 
89 35 92 
40 78 66 
68 52 29 
38 15 25 
20 70 52 
69 93 20 
78 39 30 
54 8 2 
24 40 8 
30 92 35 
66 86 29 
70 33 94 
54 90 95 
94 87 84 
43 85 87 
78 32 9 
62 14 50 
47 3 5 
25 56 74 
20 71 62 
1 67 51 
31 22 51 
9 60 28 
53 85 91 
69 78 6 
12 97 23 
47 1 32 
33 39 11 
54 73 91 
18 97 40 
8 95 45 
42 27 12 
31 95 40 
66 6 77 
60 68 31 
89 24 64 
55 67 13 
76 98 50 
53 93 64 
20 39 16 
96 10 12 
22 6 2 
38 86 65 
9 76 73 
83 75 29 
14 65 11 
43 35 91 
57 62 95 
11 78 57 
50 63 12 
86 64 1 
17 15 70 
52 96 62 
83 50 93 
18 71 83 
65 73 47 
44 22 10 
6 16 2 
93 91 42 
51 63 49 
69 46 72 
24 75 88 
37 34 5 
25 48 76 
4 12 99 
79 76 67 
31 47 35 
54 80 14 
35 42 15 
87 64 86 
57 45 96 
84 18 72 
54 70 40 
50 32 84 
12 50 42 
27 2 83 
43 71 55 
96 78 3 
69 44 48 
61 26 82 
85 50 39 
16 83 39 
82 85 50 
56 20 59 
38 35 45 
93 88 9 
52 39 25 
78 37 5 
19 12 34 
47 94 66 
14 62 31 
10 74 65 
51 58 42 
59 88 23 
85 37 47 
90 50 60 
7 91 88 
8 51 20 
82 23 70 
65 33 77 
15 51 78 
97 73 90 
21 90 76 
57 51 4 
13 92 98 
33 14 21 
89 100 92 
20 31 64 
3 35 24 
83 72 8 
62 51 88 
32 45 30 
72 18 43 
31 23 18 
61 20 79 
27 7 86 
47 10 21 
60 67 7 
81 7 95 
18 15 30 
38 94 59 
97 78 10 
51 38 45 
5 61 51 
24 20 89 
96 18 86 
36 97 98 
44 3 10 
61 10 4 
78 72 59 
54 3 51 
75 3 87 
38 9 17 
46 5 22 
63 18 72 
69 80 13 
64 80 19 
50 80 4 
18 29 22 
38 99 39 
92 13 63 
20 63 60 
87 24 6 
10 80 55 
67 33 27 
49 40 91 
70 62 27 
23 76 19 
31 29 9 
32 60 90 
97 52 33 
27 37 86 
49 51 62 
9 69 84 
56 78 4 
41 60 9 
64 23 16 
70 15 72 
56 93 86 
97 83 84 
30 66 16 
81 74 68 
78 71 74 
4 40 41 
4 14 13 
7 12 1 
37 11 62 
53 52 87 
89 22 71 
34 75 15 
30 87 65 
71 52 95 
4 35 51 
74 8 50 
99 57 28 
91 4 1 
51 31 34 
53 78 88 
82 1 23 
28 43 75 
87 92 9 
31 68 84 
46 96 8 
73 53 43 
65 57 22 
40 69 19 
27 61 57 
25 29 31 
21 35 14 
2 14 37 
61 78 66 
28 67 49 
55 8 94 
21 4 97 
38 33 47 
13 58 93 
14 45 36 
46 4 34 
30 84 35 
58 56 78 
96 45 82 
93 26 64 
12 82 37 
44 10 18 
15 45 27 
11 78 97 
60 77 45 
22 23 68 
18 69 8 
46 19 50 
32 88 57 
33 47 62 
11 47 72 
4 12 61 
71 30 36 
98 63 93 
61 90 76 
57 73 79 
78 3 13 
11 56 98 
25 31 47 
100 34 4 
96 82 7 
80 92 4 
49 13 29 
16 43 61 
68 41 25 
33 53 11 
39 2 60 
100 8 21 
82 19 80 
70 58 78 
47 7 4 
7 36 51 
8 24 37 
57 17 63 
92 3 64 
15 74 22 
64 16 39 
15 37 40 
3 93 2 
38 20 42 
71 37 90 
80 85 9 
77 48 51 
33 27 83 
89 2 75 
77 48 16 
87 5 84 
73 27 31 
18 86 19 
94 96 29 
41 4 58 
81 78 72 
40 76 64 
11 12 1 
77 15 29 
88 85 17 
2 90 65 
91 52 79 
80 16 84 
68 86 78 
68 54 11 
90 23 36 
16 69 26 
18 11 30 
61 14 63 
33 85 88 
9 40 2 
55 2 9 
34 84 33 
4 62 34 
97 77 44 
94 32 1 
97 62 60 
44 95 85 
53 79 60 
26 56 69 
87 11 10 
37 48 16 
89 41 71 
89 28 62 
78 3 50 
97 29 61 
39 85 70 
66 8 94 
19 14 60 
18 64 65 
91 56 73 
22 97 26 
81 25 21 
76 50 53 
43 32 33 
95 51 50 
78 25 41 
51 15 89 
19 39 31 
61 68 65 
91 25 3 
57 47 22 
97 87 15 
14 18 99 
66 3 60 
62 97 66 
34 5 85 
35 79 69 
81 66 72 
67 58 78 
21 82 63 
68 17 36 
2 15 50 
94 23 80 
4 48 85 
93 90 24 
57 87 31 
36 95 26 
89 71 34 
94 46 100 
64 17 67 
29 32 51 
86 84 98 
100 97 19 
20 86 7 
94 33 3 
43 53 35 
67 25 74 
55 44 10 
83 66 61 
25 46 72 
8 62 84 
70 66 58 
24 26 32 
49 80 61 
72 75 48 
9 19 96 
97 89 27 
43 85 18 
21 26 78 
60 36 82 
55 59 93 
75 64 22 
71 11 15 
52 12 61 
18 51 25 
9 10 55 
87 88 41 
72 64 97 
53 39 66 
36 23 22 
42 39 89 
45 70 17 
41 20 53 
75 77 11 
47 82 62 
64 33 4 
89 63 37 
20 62 7 
49 21 63 
22 9 12 
28 22 53 
92 69 71 
44 54 30 
3 34 72 
97 53 84 
20 85 77 
51 12 43 
43 21 40 
25 62 75 
40 45 21 
82 70 22 
11 51 86 
76 95 42 
90 91 7 
28 24 60 
96 97 37 
78 65 85 
57 46 40 
50 69 88 
94 65 81 
4 35 33 
17 74 15 
32 56 27 
98 58 29 
11 48 23 
36 9 54 
94 16 40 
85 66 13 
68 76 25 
34 13 76 
49 46 4 
77 78 91 
30 47 97 
75 3 39 
3 13 80 
16 40 65 
42 26 97 
65 21 81 
71 93 36 
12 29 88 
96 89 41 
25 21 29 
28 14 45 
24 5 93 
16 48 29 
49 95 84 
81 93 80 
39 54 25 
30 45 77 
96 63 76 
5 23 71 
10 64 85 
4 13 91 
6 22 24 
24 51 76 
19 24 32 
82 34 89 
18 32 71 
83 72 47 
24 19 9 
44 85 1 
21 48 33 
23 15 90 
17 68 62 
66 79 55 
94 76 71 
22 84 83 
36 2 62 
91 8 34 
41 71 81 
35 61 95 
74 40 55 
73 6 25 
11 53 59 
33 44 42 
32 60 38 
64 2 38 
25 30 47 
65 77 94 
55 24 83 
34 53 35 
53 78 62 
81 85 80 
42 19 26 
19 35 68 
28 29 5 
81 78 20 
94 10 8 
14 1 45 
35 53 95 
72 19 10 
34 45 28 
55 15 81 
24 28 74 
25 17 34 
24 58 74 
59 22 100 
54 25 27 
70 44 93 
87 39 6 
8 4 86 
85 56 59 
49 99 48 
23 81 59 
5 86 23 
60 81 46 
38 56 17 
24 71 100 
28 43 27 
54 74 82 
40 98 45 
3 17 4 
6 52 97 
75 61 62 
7 73 67 
43 66 19 
16 23 87 
11 15 82 
12 66 24 
72 74 54 
76 49 2 
4 15 64 
16 59 99 
67 17 30 
41 67 3 
29 24 51 
68 40 72 
12 53 44 
92 75 37 
39 58 49 
53 94 65 
20 98 45 
88 98 62 
98 27 66 
16 65 34 
33 22 58 
31 65 5 
59 35 19 
10 6 36 
14 100 50 
65 46 64 
1 42 43 
19 74 6 
4 78 66 
32 25 21 
43 71 61 
24 8 7 
3 84 7 
52 49 61 
76 60 35 
89 67 43 
67 59 93 
80 9 30 
72 47 23 
26 61 60 
36 93 66 
3 14 41 
86 89 38 
21 8 56 
42 29 91 
66 64 78 
54 94 60 
26 64 51 
60 29 67 
41 40 98 
32 14 31 
98 5 91 
29 100 62 
15 50 53 
12 88 41 
27 15 62 
98 46 33 
69 76 40 
90 87 47 
42 6 16 
75 49 23 
44 24 5 
4 57 95 
82 81 63 
62 100 49 
65 52 33 
79 95 52 
48 83 4 
98 69 19 
39 58 15 
95 46 60 
29 58 75 
38 84 34 
42 9 63 
25 16 65 
50 39 91 
81 95 69 
92 21 58 
58 45 73 
59 79 24 
7 53 46 
86 55 34 
9 84 86 
96 13 29 
82 61 73 
49 68 69 
21 33 37 
70 97 46 
15 45 38 
54 45 59 
79 71 61 
48 88 59 
55 22 81 
66 64 27 
64 34 96 
27 94 69 
48 33 80 
37 38 93 
100 19 72 
80 84 54 
84 44 68 
35 16 65 
25 28 91 
75 60 45 
53 31 48 
42 49 75 
46 7 24 
10 37 49 
63 44 73 
22 51 8 
100 11 32 
89 98 19 
9 1 17 
62 57 71 
92 70 71 
47 45 70 
83 6 80 
58 94 15 
70 42 74 
95 51 13 
67 58 75 
96 31 30 
35 47 95 
56 46 87 
1 75 7 
53 3 66 
41 2 83 
98 69 28 
66 77 71 
23 64 89 
71 42 90 
21 95 30 
48 100 4 
20 99 77 
30 37 77 
59 53 36 
45 58 16 
52 7 61 
28 66 47 
15 49 90 
36 85 42 
93 22 41 
77 2 21 
57 13 50 
49 52 28 
78 8 85 
65 34 88 
12 77 67 
60 77 20 
36 25 10 
34 75 94 
46 16 67 
10 33 30 
49 46 71 
87 35 49 
54 55 75 
90 39 34 
65 53 90 
31 28 13 
25 100 96 
9 18 99 
66 51 78 
98 55 2 
84 85 87 
12 75 14 
37 100 45 
68 31 40 
4 35 1 
66 61 51 
64 8 45 
78 85 28 
16 13 86 
70 54 78 
77 39 35 
25 20 43 
47 67 64 
99 58 97 
75 49 2 
6 12 2 
47 48 51 
19 72 49 
17 66 22 
58 50 57 
18 86 71 
21 91 53 
77 2 87 
76 46 89 
37 70 14 
32 26 63 
20 26 96 
71 29 11 
8 68 85 
11 16 46 
97 28 87 
96 20 43 
6 95 19 
24 12 97 
94 1 41 
65 77 54 
53 24 63 
27 97 17 
18 38 62 
8 90 6 
40 67 23 
44 31 22 
49 82 32 
91 71 45 
25 92 28 
11 16 4 
62 76 100 
64 72 21 
51 90 80 
73 1 76 
36 48 51 
79 14 4 
75 92 93 
90 53 85 
91 57 92 
34 84 87 
14 78 56 
63 87 16 
40 60 69 
65 45 29 
20 75 29 
57 99 82 
10 34 20 
91 77 15 
32 10 17 
39 79 53 
53 71 3 
52 88 34 
24 60 18 
51 91 37 
3 50 68 
3 50 60 
8 92 44 
29 84 97 
59 74 68 
42 7 50 
60 73 72 
63 61 54 
32 99 51 
58 64 25 
72 24 86 
72 65 75 
59 20 40 
74 21 25 
91 80 47 
46 83 17 
15 26 38 
32 51 18 
78 75 17 
84 74 53 
1 66 23 
64 91 93 
22 78 72 
50 91 42 
12 58 1 
7 3 8 
1 71 43 
23 58 14 
68 3 74 
90 31 56 
44 27 52 
22 86 68 
40 68 60 
96 24 75 
90 62 12 
82 1 76 
35 3 83 
47 90 70 
93 64 7 
13 48 22 
97 80 13 
26 94 65 
64 36 91 
41 25 16 
27 63 66 
36 75 5 
90 47 46 
88 95 59 
75 40 26 
91 2 25 
2 43 69 
35 95 18 
5 62 75 
69 13 67 
16 48 14 
14 1 15 
1 55 99 
57 2 72 
45 70 88 
99 24 23 
34 43 69 
4 90 80 
15 67 53 
90 10 87 
15 97 7 
87 99 75 
62 77 43 
73 34 11 
41 83 16 
26 95 1 
4 35 22 
18 73 80 
95 69 14 
5 13 32 
69 52 35 
30 88 46 
50 7 96 
87 35 41 
17 97 22 
29 66 52 
15 1 51 
33 9 18 
29 83 5 
27 93 15 
12 16 55 
83 79 41 
4 44 64 
58 71 42 
63 77 66 
57 98 82 
90 8 49 
100 35 65 
81 71 52 
11 54 65 
51 37 52 
4 55 74 
80 47 98 
32 39 90 
13 70 14 
13 56 90 
3 97 5 
41 76 9 
20 29 18 
65 21 43 
7 6 9 
57 36 21 
9 92 23 
81 4 86 
98 54 24 
72 77 44 
91 21 31 
97 62 18 
78 18 99 
58 48 91 
89 11 62 
33 17 92 
74 58 10 
98 94 3 
82 74 29 
67 81 25 
41 52 25 
47 100 36 
95 75 91 
99 9 3 
49 34 39 
38 36 76 
68 75 81 
33 50 39 
94 24 38 
22 16 18 
70 96 30 
25 89 98 
29 51 14 
6 84 37 
31 22 25 
73 44 11 
91 39 82 
52 86 67 
93 55 47 
42 44 14 
99 55 4 
86 8 49 
100 27 11 
66 26 91 
5 26 32 
65 61 72 
13 40 20 
71 50 97 
49 53 90 
16 96 62 
18 13 43 
18 91 96 
10 1 90 
57 56 31 
16 100 61 
43 70 71 
67 5 97 
50 82 38 
7 68 57 
8 25 87 
18 66 46 
47 35 66 
45 64 83 
73 87 20 
50 76 73 
9 28 26 
60 56 9 
85 65 24 
26 15 3 
74 100 84 
82 98 99 
10 8 36 
78 89 45 
68 86 14 
6 35 80 
3 18 99 
75 45 39 
78 36 74 
36 87 59 
33 16 19 
25 84 40 
100 22 21 
98 97 95 
46 38 94 
49 96 16 
2 88 55 
60 93 72 
36 87 63 
82 70 76 
97 26 50 
95 59 49 
21 92 84 
59 66 70 
51 22 39 
23 14 69 
4 86 7 
1 70 31 
71 48 93 
17 6 74 
69 90 80 
37 30 12 
9 4 53 
51 56 18 
77 49 95 
93 41 24 
58 20 67 
37 70 21 
54 9 30 
3 92 90 
8 28 38 
87 60 99 
6 64 70 
66 55 75 
66 74 100 
96 78 14 
42 97 99 
3 56 16 
22 9 95 
93 97 20 
42 98 27 
24 11 29 
33 47 10 
70 83 88 
21 56 92 
36 18 69 
59 64 12 
55 67 34 
86 56 25 
99 22 20 
100 95 98 
15 34 36 
8 93 86 
44 76 64 
43 32 16 
62 80 53 
89 72 44 
53 99 44 
45 25 96 
13 47 39 
31 69 82 
45 62 97 
90 31 92 
7 74 19 
74 100 94 
28 33 14 
93 51 7 
9 47 73 
54 71 5 
100 55 80 
12 51 7 
35 16 42 
5 98 79 
87 56 85 
22 39 33 
13 24 94 
1 87 59 
86 17 46 
95 36 65 
78 21 2 
8 60 89 
15 39 24 
31 22 12 
27 37 55 
87 100 85 
75 37 40 
97 61 35 
73 1 32 
11 40 57 
78 43 2 
14 62 26 
72 64 73 
44 37 66 
72 27 45 
23 70 9 
49 41 50 
25 4 90 
82 67 26 
10 60 49 
49 42 46 
31 62 24 
57 72 26 
22 17 98 
34 40 87 
99 29 69 
56 51 68 
55 20 52 
16 69 11 
73 33 25 
70 73 83 
91 76 7 
91 12 78 
52 58 41 
38 39 21 
80 79 45 
46 9 6 
72 92 98 
67 35 36 
91 81 23 
79 54 76 
81 28 27 
90 85 89 
13 21 88 
78 32 31 
7 51 85 
84 93 27 
41 29 33 
26 55 66 
97 9 51 
16 2 30 
51 39 3 
89 67 15 
27 100 41 
3 13 31 
83 65 73 
31 50 77 
88 7 93 
91 97 78 
43 81 16 
38 33 84 
5 47 78 
82 10 7 
54 82 88 
54 44 77 
84 67 13 
97 40 48 
49 18 15 
48 38 43 
97 32 91 
52 79 48 
96 79 8 
17 62 9 
32 83 44 
5 69 82 
18 11 43 
48 72 58 
42 60 13 
12 20 52 
30 4 75 
18 53 57 
31 18 16 
80 78 76 
53 79 64 
52 10 28 
51 10 49 
56 79 82 
66 17 7 
12 28 4 
32 23 97 
50 32 81 
64 1 23 
47 3 22 
77 32 8 
58 64 85 
26 56 45 
6 43 75 
73 53 47 
40 53 19 
99 37 57 
22 92 35 
77 85 91 
62 51 73 
55 80 27 
32 33 12 
33 45 49 
78 18 86 
59 32 81 
7 4 85 
3 100 37 
44 23 45 
31 23 76 
75 65 25 
78 34 36 
97 50 21 
76 24 47 
53 8 92 
64 20 46 
44 53 36 
56 77 17 
100 7 29 
31 6 35 
75 13 62 
9 70 46 
44 85 18 
14 83 38 
47 58 9 
82 72 31 
73 35 18 
87 29 12 
34 52 97 
77 98 6 
21 7 1 
52 64 16 
99 47 56 
16 35 11 
51 38 32 
6 20 1 
62 12 80 
53 86 71 
77 28 86 
79 20 72 
87 47 79 
37 6 7 
33 39 91 
27 41 87 
45 24 71 
5 65 24 
97 6 62 
17 3 62 
5 42 31 
37 65 75 
22 19 8 
2 39 91 
92 60 39 
24 44 75 
94 75 79 
91 77 49 
26 9 29 
12 63 33 
64 36 31 
33 38 35 
12 1 14 
71 18 67 
63 8 18 
80 34 71 
8 29 21 
98 40 97 
55 40 52 
47 7 83 
31 12 95 
26 6 69 
100 1 34 
83 20 84 
67 17 13 
49 2 14 
16 51 13 
54 11 88 
47 23 18 
87 84 4 
38 83 9 
63 78 69 
59 33 16 
3 98 71 
85 49 60 
47 14 5 
25 79 97 
6 19 82 
86 60 35 
69 63 22 
76 87 58 
89 25 61 
58 78 24 
47 28 19 
54 52 82 
21 48 3 
9 78 58 
6 73 63 
26 92 42 
44 19 16 
28 77 76 
57 2 34 
19 48 24 
39 42 36 
49 59 69 
30 2 39 
45 48 68 
6 8 37 
8 45 93 
65 8 55 
25 41 96 
56 49 80 
2 42 48 
36 33 32 
12 60 23 
94 81 31 
81 12 78 
32 6 98 
95 28 67 
49 36 17 
44 26 94 
41 3 12 
39 89 38 
98 68 17 
87 21 38 
66 77 72 
54 22 26 
47 15 31 
77 14 33 
72 93 54 
5 97 33 
50 1 79 
73 95 86 
17 50 35 
15 66 26 
31 25 27 
26 81 43 
24 1 22 
5 22 41 
35 76 36 
94 15 40 
19 48 5 
31 69 27 
32 10 27 
20 39 2 
3 47 39 
92 8 77 
24 56 29 
92 43 96 
65 55 24 
9 89 94 
9 47 87 
82 65 99 
81 34 21 
8 45 14 
34 66 41 
12 85 15 
36 16 63 
15 19 71 
81 35 80 
10 16 8 
15 10 35 
88 33 83 
62 52 50 
40 84 42 
55 77 80 
36 63 22 
30 45 42 
79 38 8 
43 99 25 
44 3 89 
64 47 93 
37 47 29 
69 41 61 
41 43 76 
50 75 68 
9 34 49 
64 75 96 
82 22 98 
62 45 24 
100 68 40 
30 99 86 
5 34 49 
26 99 45 
39 8 44 
66 65 80 
87 23 28 
94 29 15 
45 91 51 
83 81 3 
64 68 6 
36 47 65 
32 54 57 
19 73 83 
85 67 10 
24 19 51 
81 65 86 
41 34 83 
18 81 87 
10 21 25 
59 71 46 
60 81 56 
46 97 100 
57 28 61 
29 66 50 
25 88 40 
64 67 89 
7 40 19 
78 95 14 
42 63 52 
11 60 35 
99 33 19 
23 7 48 
18 93 79 
80 4 10 
72 13 93 
11 40 27 
41 19 48 
15 48 8 
73 71 77 
25 11 8 
90 55 94 
30 15 84 
95 65 14 
9 8 19 
78 100 90 
33 75 15 
100 2 30 
38 48 30 
89 58 73 
68 31 46 
67 89 83 
30 45 49 
50 6 96 
74 32 41 
38 50 93 
14 27 84 
39 97 20 
91 87 69 
57 72 38 
73 40 16 
62 28 53 
17 50 85 
12 93 82 
29 16 98 
31 25 38 
49 22 21 
68 43 94 
29 51 75 
55 21 31 
66 23 97 
87 37 43 
61 88 32 
16 93 30 
79 86 4 
36 71 84 
49 53 93 
65 56 62 
37 20 26 
23 22 34 
99 67 27 
92 56 14 
91 100 57 
84 39 74 
54 28 4 
63 17 96 
68 2 37 
34 40 57 
54 39 100 
21 24 99 
51 17 35 
8 6 60 
55 46 80 
99 37 58 
59 98 74 
78 71 84 
62 48 61 
43 47 15 
24 99 49 
5 36 4 
16 1 84 
4 54 74 
55 25 21 
1 81 55 
57 89 98 
18 49 64 
13 26 77 
47 14 8 
69 56 67 
87 41 19 
24 32 78 
31 78 94 
66 61 53 
38 74 68 
29 17 60 
11 13 23 
85 61 25 
52 58 13 
99 9 66 
11 16 15 
2 20 57 
10 79 94 
90 70 88 
76 54 74 
82 68 15 
27 58 20 
65 33 68 
57 37 71 
28 70 6 
99 11 22 
29 36 87 
96 87 37 
62 90 55 
60 100 83 
14 49 97 
23 13 26 
95 60 41 
43 7 81 
26 85 3 
6 21 31 
16 81 62 
18 52 87 
29 20 39 
2 9 6 
50 77 75 
16 92 12 
19 64 66 
99 63 70 
84 99 9 
43 13 95 
62 73 96 
83 99 62 
99 40 97 
86 71 99 
26 6 7 
47 46 94 
3 49 98 
51 76 81 
57 26 3 
89 75 20 
59 24 16 
25 43 11 
70 58 96 
12 20 88 
26 34 2 
67 4 25 
96 91 48 
68 72 69 
67 64 68 
59 10 26 
25 2 13 
11 3 51 
41 91 39 
26 48 4 
4 50 86 
82 67 40 
60 39 94 
69 65 31 
76 37 48 
6 25 52 
4 97 94 
23 8 97 
10 27 88 
25 100 61 
85 37 52 
41 84 90 
93 22 96 
29 4 66 
82 31 85 
44 70 51 
14 50 21 
25 43 51 
8 60 45 
40 7 53 
55 50 87 
99 7 98 
38 21 14 
45 17 82 
14 90 9 
7 78 84 
55 14 16 
67 4 8 
4 56 32 
4 84 48 
94 96 90 
27 29 61 
41 11 15 
5 53 13 
79 21 98 
36 54 47 
95 36 96 
61 17 47 
68 22 43 
67 70 84 
73 40 50 
23 15 27 
57 22 78 
98 57 33 
69 73 14 
96 30 85 
67 44 87 
56 3 82 
7 1 20 
27 16 58 
100 27 34 
79 38 7 
40 93 95 
88 52 86 
4 27 25 
75 63 54 
32 94 44 
57 19 61 
5 16 33 
64 96 30 
69 85 75 
78 8 30 
20 25 78 
72 37 76 
25 74 18 
36 58 17 
21 86 91 
58 67 83 
43 88 47 
57 36 54 
25 28 80 
35 48 38 
76 74 56 
93 52 16 
24 78 72 
15 22 38 
36 8 31 
79 66 93 
91 19 87 
65 64 10 
89 71 3 
14 30 100 
92 64 14 
63 18 81 
73 5 76 
84 77 95 
26 40 16 
87 16 29 
61 37 27 
84 32 76 
33 72 82 
8 9 37 
67 44 90 
24 22 74 
46 89 13 
80 18 39 
21 8 13 
62 86 69 
4 5 42 
11 32 52 
29 49 51 
87 63 82 
86 41 34 
44 1 20 
57 87 24 
35 7 97 
30 7 33 
4 5 66 
49 35 70 
3 80 82 
82 47 72 
37 34 19 
2 66 41 
64 10 19 
7 20 6 
63 29 71 
46 100 42 
78 95 42 
33 82 5 
44 33 34 
97 90 37 
17 79 97 
46 3 42 
91 100 61 
40 78 72 
53 77 84 
45 66 4 
99 55 48 
31 4 29 
65 58 80 
26 45 6 
34 1 98 
39 42 27 
80 13 29 
41 78 68 
94 10 29 
40 35 28 
14 4 15 
91 22 71 
81 63 85 
26 100 44 
4 64 86 
25 74 97 
87 16 25 
95 56 13 
61 40 13 
28 37 81 
63 68 67 
15 14 86 
54 82 47 
40 8 44 
65 42 77 
15 11 45 
42 77 62 
35 83 46 
51 100 96 
25 42 38 
45 47 27 
64 67 43 
12 2 27 
13 15 88 
58 8 71 
42 15 92 
67 86 40 
81 17 21 
60 91 27 
35 75 17 
26 17 51 
14 48 73 
62 45 49 
37 4 26 
63 88 12 
93 31 34 
27 75 5 
67 31 15 
4 42 68 
74 2 95 
84 76 71 
97 58 26 
60 74 46 
19 5 98 
32 3 34 
45 54 43 
72 96 98 
84 43 77 
66 42 86 
37 33 3 
39 76 1 
35 67 55 
82 77 98 
79 46 86 
32 77 59 
23 14 62 
63 3 24 
88 61 89 
43 41 39 
59 27 33 
73 11 39 
57 56 36 
73 43 17 
45 56 28 
41 9 95 
47 32 66 
7 47 62 
40 34 44 
40 46 86 
87 80 46 
3 90 98 
32 33 8 
54 80 11 
24 80 69 
7 97 20 
2 74 89 
73 12 23 
45 74 73 
22 83 33 
21 40 62 
66 21 62 
43 95 38 
51 48 30 
48 42 88 
35 75 20 
5 69 17 
48 44 11 
87 82 15 
52 72 36 
27 77 58 
47 42 67 
47 84 34 
54 29 20 
74 85 54 
44 47 78 
13 71 46 
82 14 11 
31 46 57 
59 94 50 
24 3 50 
52 51 91 
6 77 74 
98 29 94 
57 19 36 
99 23 14 
82 95 24 
58 56 5 
36 63 83 
77 99 40 
78 94 91 
84 92 95 
88 82 35 
40 8 35 
22 25 55 
13 67 43 
70 16 66 
24 69 98 
89 74 60 
88 70 84 
85 68 50 
93 36 89 
21 75 27 
32 36 68 
8 28 24 
74 19 34 
4 34 57 
67 50 87 
51 50 37 
42 25 56 
72 41 34 
3 99 78 
70 60 3 
71 19 37 
33 59 55 
91 11 24 
37 81 96 
14 32 73 
34 53 38 
19 42 38 
94 96 76 
91 4 19 
20 35 78 
31 24 45 
75 32 40 
52 8 78 
11 69 98 
55 83 5 
63 29 78 
78 42 34 
9 97 14 
51 31 36 
46 58 4 
28 62 22 
93 62 19 
11 39 62 
27 99 46 
10 2 11 
26 20 5 
46 50 33 
68 4 27 
46 9 84 
22 66 95 
99 51 66 
36 30 7 
59 97 92 
59 53 3 
63 24 14 
37 19 92 
79 90 66 
67 19 11 
31 29 17 
46 76 61 
93 8 34 
54 100 33 
90 32 42 
38 71 8 
26 89 90 
44 72 69 
23 93 2 
29 80 81 
85 94 91 
42 6 66 
34 28 69 
55 43 6 
6 71 60 
79 9 10 
89 62 59 
90 53 41 
15 79 59 
79 95 16 
16 82 91 
46 96 43 
99 70 66 
12 14 79 
95 55 25 
48 32 47 
48 71 66 
58 86 97 
85 36 89 
1 7 2 
30 1 62 
25 5 89 
2 57 99 
44 96 72 
91 19 80 
65 64 93 
81 67 74 
37 72 64 
61 29 100 
81 27 90 
68 39 49 
14 89 19 
40 60 4 
62 46 32 
27 24 65 
4 95 77 
80 76 43 
34 85 32 
91 4 26 
41 19 35 
94 80 69 
82 73 68 
4 56 95 
54 32 22 
14 5 76 
65 28 53 
85 66 46 
43 6 32 
3 56 26 
46 38 31 
26 12 6 
11 34 100 
3 72 67 
85 2 49 
89 11 70 
2 65 21 
12 27 8 
79 40 1 
13 58 18 
86 24 30 
50 37 72 
38 84 3 
53 61 23 
22 24 36 
62 34 53 
11 66 69 
46 44 27 
37 78 88 
88 80 68 
62 39 73 
90 99 19 
55 6 49 
79 13 25 
23 11 74 
90 84 51 
86 23 58 
23 55 92 
77 93 72 
96 75 36 
49 24 32 
81 70 13 
40 66 16 
73 29 53 
54 61 89 
42 48 64 
99 86 94 
84 73 53 
100 8 77 
6 66 98 
43 39 54 
66 89 76 
9 97 93 
65 62 42 
25 1 11 
26 4 12 
1 76 26 
79 12 1 
45 87 73 
81 86 60 
52 89 45 
36 50 5 
23 69 31 
71 21 13 
20 79 63 
21 64 97 
25 20 50 
35 33 50 
85 54 28 
59 72 12 
29 84 48 
51 14 96 
31 89 1 
2 21 26 
52 84 81 
65 88 14 
18 85 33 
18 11 50 
88 16 11 
80 35 27 
76 49 32 
13 85 83 
54 29 13 
61 94 57 
31 9 33 
41 91 44 
59 9 41 
8 5 14 
35 45 18 
26 79 64 
53 14 58 
43 39 66 
38 14 10 
25 18 22 
17 45 38 
19 33 57 
52 89 87 
11 24 64 
79 31 43 
13 18 1 
98 53 46 
43 65 100 
67 10 75 
83 67 71 
66 43 74 
12 7 60 
83 33 71 
17 91 68 
31 22 7 
51 68 83 
79 99 44 
2 28 26 
74 2 30 
16 75 30 
1 32 99 
30 63 27 
67 77 8 
88 84 50 
78 18 15 
79 30 99 
23 69 35 
52 11 28 
88 99 1 
19 78 69 
23 97 25 
29 23 60 
80 98 29 
62 58 27 
22 10 34 
15 72 89 
44 76 73 
31 95 45 
91 73 24 
98 83 97 
80 6 15 
15 24 46 
42 99 29 
80 84 91 
38 93 67 
21 93 2 
42 16 10 
19 74 5 
35 97 66 
7 3 12 
9 99 88 
15 18 24 
57 27 28 
88 10 21 
34 5 75 
64 83 96 
45 88 43 
23 88 65 
49 36 42 
70 46 66 
8 29 16 
96 32 17 
7 17 9 
59 100 29 
91 38 83 
59 80 26 
51 44 18 
71 75 89 
10 26 99 
10 66 24 
45 46 49 
11 57 5 
81 95 5 
42 41 82 
59 82 91 
75 90 33 
54 26 34 
34 4 75 
15 84 41 
64 48 47 
50 91 1 
7 74 91 
32 94 53 
45 66 22 
1 36 43 
28 100 87 
50 13 91 
84 60 6 
47 2 24 
77 98 27 
77 98 22 
12 29 99 
44 58 11 
76 57 1 
80 99 87 
20 95 17 
79 29 93 
65 55 19 
83 70 71 
98 65 9 
26 30 23 
38 63 95 
8 29 4 
91 100 87 
50 58 30 
16 7 20 
94 7 84 
12 31 72 
7 24 64 
11 51 53 
98 22 57 
45 72 56 
90 25 91 
10 33 29 
11 54 37 
11 87 66 
19 35 77 
69 45 27 
22 43 61 
27 34 46 
6 15 82 
40 90 97 
53 77 91 
57 51 6 
56 59 5 
33 37 62 
49 16 19 
45 92 81 
90 24 36 
36 81 67 
93 23 48 
88 36 30 
54 40 79 
62 58 8 
25 34 13 
69 90 73 
84 28 64 
8 53 37 
52 83 53 
15 77 75 
21 92 85 
8 42 90 
81 23 30 
83 63 9 
44 5 56 
30 14 38 
62 79 29 
77 11 86 
1 55 98 
66 93 29 
14 3 65 
60 28 53 
84 20 16 
75 95 65 
32 5 22 
14 11 45 
99 10 57 
38 37 89 
45 93 95 
74 95 43 
13 32 72 
64 71 12 
30 60 1 
80 45 78 
24 92 23 
19 76 8 
67 33 75 
95 49 43 
42 7 54 
2 28 64 
46 37 18 
77 99 14 
53 28 51 
35 97 19 
77 42 39 
3 44 79 
88 10 9 
48 12 99 
21 64 55 
100 99 48 
14 85 19 
80 30 16 
37 83 8 
4 43 12 
5 32 43 
86 31 6 
73 43 11 
31 10 20 
45 20 71 
90 88 92 
64 73 52 
33 74 69 
55 49 88 
8 39 17 
17 90 16 
43 22 60 
88 23 75 
70 11 78 
41 45 55 
52 79 97 
37 22 84 
4 40 74 
82 48 80 
94 73 32 
14 66 40 
92 77 99 
97 74 20 
39 93 85 
46 67 55 
31 79 62 
11 75 36 
48 98 86 
96 78 35 
83 1 70 
89 75 49 
98 46 38 
92 25 73 
77 14 98 
55 53 17 
10 13 47 
41 47 27 
51 52 54 
89 72 14 
24 8 92 
53 92 36 
22 87 97 
43 26 85 
17 11 36 
77 93 16 
96 90 72 
28 67 98 
44 62 84 
86 47 41 
59 14 42 
94 72 33 
36 99 1 
39 100 33 
75 48 33 
71 16 5 
94 74 22 
9 61 69 
59 57 61 
43 7 66 
88 84 12 
22 33 96 
29 34 9 
57 52 17 
40 45 61 
98 39 63 
7 34 28 
2 8 41 
48 86 72 
27 45 43 
91 16 86 
27 62 25 
10 81 58 
97 64 88 
77 43 26 
55 14 91 
73 29 25 
30 96 49 
56 28 73 
41 89 80 
38 89 20 
12 89 48 
59 61 14 
90 46 26 
80 39 27 
65 46 37 
22 59 89 
10 74 18 
36 5 27 
7 14 10 
87 27 92 
63 61 67 
29 33 90 
78 4 27 
8 35 49 
51 26 35 
40 58 86 
72 90 50 
84 21 69 
19 77 88 
67 2 3 
22 39 55 
30 65 12 
96 31 26 
36 80 55 
52 93 77 
24 5 74 
37 66 99 
74 55 30 
78 14 36 
7 27 21 
98 91 88 
80 26 1 
67 89 97 
7 68 84 
74 24 77 
43 20 41 
7 27 100 
41 34 28 
56 97 96 
16 18 59 
3 40 94 
90 86 69 
29 39 32 
81 23 18 
75 86 38 
19 5 50 
73 5 21 
94 52 83 
100 67 24 
47 13 99 
37 79 49 
36 50 95 
29 35 78 
72 77 12 
84 70 37 
28 70 7 
52 83 7 
89 29 75 
51 63 14 
55 46 14 
53 80 59 
95 92 100 
42 29 98 
88 69 99 
86 54 15 
87 38 18 
41 7 40 
85 48 28 
93 23 43 
70 96 61 
55 89 88 
17 25 54 
32 84 7 
95 64 66 
85 67 27 
43 13 71 
88 100 86 
1 74 78 
49 21 31 
34 56 69 
57 10 26 
43 27 99 
54 66 43 
6 95 10 
54 59 65 
51 33 19 
44 78 97 
56 4 84 
51 64 99 
17 26 31 
14 48 12 
64 90 56 
63 3 76 
57 9 51 
42 27 95 
29 48 11 
55 52 31 
97 27 65 
75 4 90 
79 89 75 
51 78 61 
59 29 25 
7 3 20 
24 39 33 
2 78 65 
16 25 32 
91 42 100 
99 21 97 
54 48 87 
62 87 27 
1 61 52 
94 25 42 
54 76 78 
7 1 90 
40 31 56 
29 7 51 
60 53 81 
83 93 63 
11 97 5 
44 33 63 
48 72 82 
58 59 6 
84 46 71 
78 36 29 
61 75 76 
65 90 12 
15 68 61 
54 31 3 
79 90 30 
9 56 55 
71 30 37 
93 14 56 
7 36 73 
78 5 44 
43 15 98 
5 20 83 
14 99 41 
77 2 98 
66 39 77 
71 45 67 
14 72 66 
87 78 35 
39 29 53 
80 90 53 
22 18 19 
48 44 67 
38 95 6 
43 56 45 
41 36 91 
57 2 37 
6 41 65 
93 34 17 
64 35 49 
25 76 12 
87 89 84 
48 45 4 
25 67 63 
39 56 23 
24 52 42 
97 22 80 
56 79 54 
3 24 25 
99 72 64 
49 64 84 
35 53 62 
84 50 76 
53 47 78 
3 34 33 
84 86 97 
51 36 49 
28 94 46 
85 62 61 
62 29 67 
62 76 82 
48 24 41 
79 75 76 
72 2 25 
52 14 64 
28 44 43 
21 89 43 
31 69 15 
67 94 10 
46 9 2 
70 67 90 
91 87 76 
60 44 58 
8 62 33 
80 65 70 
99 64 35 
2 70 92 
55 22 18 
18 48 8 
1 74 24 
65 23 47 
68 74 8 
7 12 88 
16 73 10 
94 39 25 
41 100 84 
25 43 96 
37 22 63 
17 25 80 
27 66 12 
62 6 88 
20 3 18 
97 89 5 
2 14 4 
13 6 48 
51 96 43 
40 89 45 
46 66 24 
25 58 27 
13 62 25 
77 49 21 
1 93 19 
50 9 79 
1 19 10 
22 62 10 
12 2 48 
79 37 16 
80 23 27 
59 79 68 
52 14 7 
39 74 64 
16 85 10 
18 17 43 
62 23 74 
17 50 30 
100 4 3 
28 65 25 
20 45 29 
57 91 96 
81 38 7 
68 90 15 
75 51 87 
49 79 20 
84 26 77 
78 27 35 
5 34 18 
61 10 80 
74 33 93 
36 70 53 
35 26 63 
18 28 94 
7 4 9 
81 45 76 
88 41 76 
17 14 19 
90 31 47 
88 68 4 
37 42 96 
86 14 65 
99 62 66 
7 62 23 
22 82 87 
23 88 52 
9 13 4 
52 99 16 
66 58 62 
49 18 8 
96 12 15 
76 46 45 
99 68 59 
82 49 84 
24 98 31 
8 85 10 
29 49 87 
69 59 27 
50 33 79 
7 29 36 
27 65 7 
4 46 74 
44 50 31 
34 91 68 
73 22 23 
65 8 80 
20 53 90 
68 16 72 
14 84 9 
15 50 90 
23 96 92 
46 7 25 
24 6 65 
9 27 54 
75 86 1 
71 27 23 
8 46 85 
74 56 77 
57 53 13 
89 68 94 
13 34 67 
76 90 11 
33 1 50 
19 75 26 
52 79 19 
21 27 31 
61 22 27 
72 19 5 
62 37 36 
4 10 47 
18 53 7 
16 63 99 
20 46 93 
48 99 22 
45 91 31 
77 33 31 
80 73 1 
23 31 87 
11 63 83 
88 72 65 
14 43 73 
44 88 38 
95 61 90 
30 45 39 
98 59 49 
59 54 87 
1 76 35 
98 49 24 
65 17 79 
21 56 12 
6 48 20 
24 3 4 
59 26 17 
55 21 5 
29 69 20 
65 49 46 
74 32 46 
51 39 24 
57 89 79 
43 95 71 
48 100 34 
84 49 93 
3 85 29 
63 40 61 
70 12 59 
52 28 64 
13 34 36 
35 17 65 
22 1 20 
73 36 26 
53 96 69 
63 100 26 
21 56 51 
40 33 36 
14 72 69 
55 84 56 
74 51 27 
98 29 62 
48 13 52 
74 20 54 
29 97 99 
77 29 47 
77 8 12 
79 46 11 
77 33 95 
42 70 89 
44 94 30 
20 34 68 
28 90 6 
53 38 61 
89 71 72 
87 84 10 
68 91 21 
28 94 52 
72 29 27 
100 61 66 
66 4 64 
56 81 32 
51 33 49 
99 96 44 
89 63 20 
73 49 85 
97 51 29 
15 90 65 
83 63 64 
40 42 77 
59 29 30 
91 28 26 
42 82 25 
10 65 22 
8 21 49 
72 45 73 
71 2 27 
35 97 27 
26 71 53 
31 21 3 
34 82 41 
68 29 39 
34 63 89 
74 76 92 
35 45 7 
90 35 51 
60 17 51 
11 14 100 
5 23 38 
42 100 23 
75 43 59 
95 56 37 
87 27 37 
22 93 98 
23 66 32 
81 64 89 
64 69 98 
90 51 10 
61 100 17 
31 56 46 
96 82 14 
77 35 86 
10 2 29 
67 80 18 
56 84 2 
24 74 19 
41 22 1 
75 22 40 
27 20 28 
19 92 40 
99 68 11 
73 31 3 
97 1 80 
36 67 41 
35 63 27 
13 24 55 
9 90 3 
71 40 87 
22 59 93 
6 98 28 
8 48 12 
83 92 7 
42 4 13 
6 58 15 
30 38 35 
100 68 2 
39 36 44 
37 15 5 
19 70 32 
36 25 8 
38 75 68 
54 72 40 
73 1 25 
26 82 42 
67 75 36 
38 70 88 
77 22 2 
2 43 80 
66 64 32 
46 38 22 
21 41 48 
89 94 87 
64 15 12 
4 8 44 
43 13 88 
35 68 66 
19 54 46 
33 17 62 
6 51 65 
22 30 55 
96 5 26 
88 89 86 
52 37 67 
72 34 35 
61 35 46 
98 29 64 
45 81 18 
30 70 45 
68 35 10 
57 78 60 
47 91 58 
4 12 49 
68 29 77 
24 74 16 
69 76 83 
92 12 58 
16 7 70 
6 53 46 
92 66 18 
12 4 17 
80 21 98 
42 53 33 
88 99 34 
6 19 64 
41 45 28 
22 13 39 
24 37 64 
100 77 29 
62 34 100 
94 73 2 
40 52 19 
49 9 72 
23 20 48 
25 8 27 
23 83 57 
30 70 47 
43 20 94 
11 39 10 
90 3 60 
15 83 51 
42 52 38 
7 39 5 
