5000
7 46 25 
75 50 44 
11 75 77 
57 18 53 
48 77 90 
24 22 80 
41 25 96 
54 87 55 
72 77 93 
41 20 43 
60 61 3 
63 58 71 
70 69 84 
28 39 83 
14 77 94 
77 56 88 
49 95 59 
25 72 57 
34 53 62 
64 40 52 
46 49 4 
3 95 69 
23 73 86 
87 27 1 
68 4 49 
36 45 81 
28 13 54 
67 61 19 
11 89 25 
83 42 23 
23 38 7 
36 23 46 
31 21 91 
54 75 63 
42 62 77 
83 72 70 
73 18 63 
64 22 97 
11 93 57 
25 82 42 
31 53 48 
46 80 44 
44 26 100 
35 80 6 
71 19 49 
45 97 62 
47 29 77 
50 47 27 
56 73 91 
44 96 85 
99 97 42 
23 100 42 
66 72 52 
74 53 84 
44 1 47 
28 64 2 
38 84 3 
100 14 50 
48 92 99 
97 1 71 
64 75 22 
89 61 25 
51 56 18 
63 87 98 
24 98 69 
66 12 24 
22 100 87 
3 97 5 
7 30 32 
35 30 84 
84 51 87 
78 57 22 
78 56 14 
82 7 10 
2 51 57 
58 45 73 
36 19 16 
81 12 76 
32 1 17 
72 18 26 
73 67 38 
50 56 19 
75 49 42 
5 14 47 
1 52 3 
27 4 25 
10 67 94 
81 39 70 
57 46 31 
51 16 13 
62 31 79 
21 5 99 
4 45 48 
61 97 35 
53 17 25 
86 15 33 
44 73 10 
35 63 27 
39 12 37 
18 80 90 
97 5 33 
24 55 65 
48 100 34 
73 92 63 
24 23 67 
51 19 24 
79 80 45 
49 87 29 
12 92 16 
72 42 29 
6 91 5 
90 7 74 
81 70 36 
62 51 98 
6 43 32 
36 57 56 
46 80 27 
39 100 25 
94 65 77 
61 28 70 
4 30 39 
91 15 68 
70 86 25 
40 4 74 
65 51 6 
61 85 25 
85 12 33 
12 68 79 
7 70 16 
88 98 97 
41 17 64 
26 28 60 
55 34 86 
57 54 32 
28 10 52 
71 84 36 
49 18 8 
51 29 26 
100 55 64 
65 39 57 
40 75 26 
62 32 46 
72 78 40 
61 47 17 
58 81 17 
57 51 6 
89 40 45 
35 82 72 
11 75 36 
57 71 37 
14 3 41 
41 96 89 
50 43 4 
11 99 23 
20 11 70 
42 12 27 
17 96 32 
4 67 25 
93 13 40 
47 31 15 
84 28 64 
7 91 88 
92 22 56 
42 78 14 
80 82 95 
29 52 68 
14 61 63 
8 45 95 
64 60 15 
12 51 43 
51 48 77 
53 17 4 
46 38 80 
21 64 5 
81 26 2 
38 33 65 
36 62 4 
44 64 41 
70 80 47 
85 94 86 
58 49 22 
98 68 89 
15 35 45 
10 88 21 
4 95 57 
36 39 79 
71 25 86 
50 73 40 
34 52 88 
53 25 11 
42 100 46 
99 10 85 
10 51 49 
2 10 9 
45 8 59 
73 32 14 
19 93 62 
95 13 91 
44 38 43 
51 61 78 
22 57 65 
76 13 34 
86 55 78 
17 87 46 
20 10 34 
13 58 18 
5 73 45 
69 78 73 
45 17 38 
44 40 8 
12 64 73 
26 21 24 
77 65 42 
25 17 54 
77 12 72 
88 50 69 
93 79 29 
29 65 97 
74 8 78 
44 72 77 
100 87 85 
44 43 28 
14 2 62 
14 78 95 
26 69 6 
33 99 19 
69 84 9 
62 39 11 
19 72 100 
54 86 70 
83 65 73 
30 58 5 
65 72 88 
81 38 42 
42 49 76 
20 38 42 
46 7 51 
43 19 66 
4 38 28 
95 59 79 
96 20 79 
26 68 87 
95 41 9 
4 61 12 
29 12 88 
9 52 24 
97 44 1 
19 55 98 
95 1 54 
55 93 59 
79 94 75 
42 62 65 
77 22 29 
67 7 75 
92 14 56 
30 43 16 
94 58 24 
40 54 70 
70 99 66 
36 55 80 
65 75 72 
15 14 1 
54 49 73 
80 52 10 
41 77 94 
89 14 43 
65 12 90 
2 74 30 
28 4 18 
32 39 53 
70 63 99 
13 11 23 
56 85 59 
23 14 69 
43 25 96 
65 39 99 
76 3 84 
23 31 73 
91 7 74 
6 100 85 
18 24 15 
49 86 8 
72 19 27 
81 30 23 
33 27 5 
81 76 19 
63 76 34 
47 15 56 
95 84 92 
33 13 74 
22 29 9 
16 30 47 
4 91 26 
26 100 75 
21 3 31 
64 55 52 
21 34 81 
11 98 69 
41 36 67 
89 34 48 
13 51 95 
39 46 1 
99 30 86 
95 34 94 
60 79 58 
1 14 19 
22 62 28 
48 15 44 
100 52 14 
9 50 58 
20 7 1 
92 35 30 
12 72 54 
18 11 99 
86 88 17 
50 42 7 
23 64 16 
67 58 75 
69 19 98 
82 19 59 
54 36 9 
15 89 67 
8 10 85 
61 70 96 
91 75 27 
92 12 62 
17 22 98 
5 46 22 
20 38 89 
16 79 95 
95 11 45 
21 87 38 
24 83 55 
37 88 11 
77 80 55 
37 96 30 
4 62 34 
83 92 7 
45 35 7 
4 48 26 
8 96 14 
37 74 97 
40 21 45 
64 52 51 
51 26 17 
81 82 38 
39 47 13 
15 70 82 
47 85 56 
67 72 3 
71 90 19 
13 11 100 
21 25 81 
41 97 96 
51 94 86 
48 93 23 
30 8 78 
45 48 68 
47 68 81 
97 41 32 
77 29 15 
98 89 62 
45 49 30 
84 87 89 
71 73 77 
64 93 47 
77 66 6 
11 29 81 
28 53 65 
41 44 46 
23 82 1 
17 8 39 
77 12 67 
94 32 73 
35 50 17 
37 64 42 
15 24 98 
95 81 7 
22 60 45 
91 21 53 
86 1 75 
32 8 27 
40 1 94 
3 4 17 
58 29 51 
70 28 38 
83 1 70 
85 80 19 
96 41 98 
58 23 86 
7 20 97 
33 54 9 
93 89 36 
70 52 15 
48 78 73 
76 33 89 
91 66 26 
95 14 53 
47 11 66 
33 22 96 
10 68 35 
22 10 89 
62 1 51 
7 14 83 
8 89 13 
67 40 86 
6 28 90 
36 14 12 
13 80 29 
65 61 69 
98 19 89 
57 12 39 
63 44 53 
97 14 76 
64 92 14 
48 67 44 
36 2 78 
5 47 78 
14 31 32 
94 62 34 
17 70 25 
10 24 97 
86 14 15 
39 63 18 
63 60 20 
98 88 62 
57 45 6 
33 12 63 
73 45 72 
95 30 37 
46 12 54 
87 84 94 
12 88 23 
78 46 15 
68 40 10 
95 19 5 
27 23 80 
82 16 91 
49 96 16 
86 7 20 
2 21 65 
50 11 56 
67 41 61 
39 85 70 
13 4 91 
5 91 52 
14 4 2 
100 70 15 
67 16 85 
4 55 15 
14 1 22 
21 80 98 
12 78 81 
55 31 52 
18 68 4 
78 7 6 
91 96 48 
7 9 4 
66 53 61 
24 82 25 
58 66 100 
14 37 70 
34 33 84 
25 87 45 
72 34 3 
89 94 34 
27 32 81 
99 90 19 
95 31 12 
59 68 79 
53 69 96 
40 46 57 
79 75 89 
73 5 21 
35 95 61 
18 1 13 
58 90 50 
76 37 48 
32 94 34 
76 31 23 
4 54 28 
18 35 95 
67 13 75 
29 91 46 
61 46 76 
9 90 54 
50 27 44 
98 45 40 
4 29 31 
80 99 16 
31 83 98 
68 8 85 
95 55 25 
53 79 60 
32 22 5 
59 62 54 
72 78 24 
51 17 35 
69 91 87 
95 52 79 
16 31 18 
57 94 84 
13 55 21 
86 24 72 
84 79 100 
28 54 1 
72 34 78 
71 30 41 
68 51 7 
26 68 8 
40 60 69 
19 14 89 
12 13 20 
51 90 40 
6 96 87 
98 31 24 
37 57 99 
25 44 24 
1 44 85 
40 13 19 
85 100 1 
89 97 23 
85 10 16 
5 14 37 
57 22 47 
85 37 52 
98 42 86 
30 46 23 
43 77 98 
50 37 72 
20 25 43 
24 61 91 
28 26 2 
97 24 14 
66 78 64 
42 71 90 
15 62 89 
22 55 25 
93 80 63 
8 64 19 
74 64 39 
39 34 5 
95 44 31 
95 96 74 
16 11 15 
71 72 90 
23 28 87 
1 49 70 
80 81 93 
90 9 3 
67 93 59 
96 4 76 
3 43 72 
8 7 24 
48 41 19 
75 21 49 
87 37 82 
68 24 80 
56 37 95 
24 100 8 
33 21 14 
64 7 93 
47 100 36 
41 2 46 
43 89 67 
7 44 1 
65 38 69 
16 21 40 
66 70 16 
8 26 98 
90 19 73 
97 49 14 
26 66 15 
40 17 67 
34 19 59 
81 68 36 
70 18 53 
90 68 74 
71 5 80 
32 26 24 
58 41 52 
66 88 79 
1 4 32 
74 36 100 
95 10 15 
78 84 63 
63 58 12 
13 17 40 
96 70 58 
33 52 97 
91 51 94 
70 65 80 
67 20 71 
89 44 3 
99 12 86 
87 28 97 
93 81 11 
33 9 18 
16 84 80 
87 20 73 
65 52 33 
53 76 50 
68 75 42 
33 84 74 
36 18 69 
1 38 11 
59 87 1 
33 79 46 
56 61 48 
24 92 8 
46 3 42 
39 2 91 
89 50 8 
52 19 40 
75 22 99 
83 71 67 
41 94 1 
50 46 19 
46 79 85 
46 74 4 
50 32 81 
37 30 8 
9 83 63 
6 28 98 
67 12 75 
39 13 22 
22 10 44 
6 78 69 
5 41 22 
79 37 20 
10 35 44 
18 32 51 
1 55 99 
24 54 15 
31 38 13 
76 48 25 
69 86 62 
8 10 36 
88 59 48 
37 12 82 
100 90 78 
43 96 51 
35 5 88 
1 98 68 
21 65 43 
81 74 80 
3 94 33 
77 98 6 
72 60 93 
24 81 87 
54 52 72 
81 5 70 
36 5 58 
46 90 26 
87 96 37 
57 34 6 
45 46 76 
67 81 36 
67 75 36 
88 23 52 
66 69 37 
8 78 85 
79 25 13 
43 62 78 
82 67 26 
4 68 88 
56 13 95 
77 36 34 
32 89 95 
60 86 35 
89 88 61 
64 49 35 
42 59 14 
46 97 56 
91 97 32 
92 57 62 
54 59 17 
67 68 77 
3 44 79 
15 95 56 
3 76 17 
68 49 39 
84 25 40 
69 15 45 
75 37 92 
93 2 23 
51 19 33 
51 32 38 
70 78 54 
20 50 25 
83 75 29 
14 52 63 
7 10 14 
87 3 74 
26 69 19 
47 27 60 
81 62 94 
11 38 85 
100 96 40 
79 19 4 
68 85 50 
14 38 30 
85 74 91 
87 28 100 
93 28 14 
76 25 100 
85 19 37 
60 19 14 
62 51 21 
76 32 84 
5 43 32 
27 25 58 
57 97 92 
1 84 16 
22 97 87 
47 72 83 
43 12 4 
97 1 23 
60 27 26 
97 50 21 
48 59 31 
25 100 38 
82 40 67 
79 99 44 
89 42 9 
12 65 30 
70 54 85 
25 88 76 
34 49 39 
66 29 67 
2 80 43 
24 88 37 
26 96 5 
71 53 3 
44 36 39 
16 8 89 
100 54 39 
26 61 60 
62 27 97 
40 21 9 
69 42 75 
28 67 22 
20 6 7 
98 94 3 
44 30 54 
3 50 76 
36 62 2 
11 99 34 
40 27 11 
12 100 27 
23 22 68 
88 38 70 
12 15 64 
1 89 80 
92 56 53 
81 89 64 
11 48 29 
93 30 16 
73 70 62 
52 83 3 
15 53 84 
76 100 27 
38 46 22 
31 97 81 
13 93 57 
83 9 88 
45 56 43 
82 96 45 
57 71 9 
29 84 99 
17 4 12 
49 36 51 
4 13 42 
39 27 64 
67 83 58 
51 60 17 
73 25 29 
30 13 59 
67 60 81 
28 49 52 
71 46 37 
16 48 14 
3 90 60 
35 16 65 
39 56 11 
99 32 59 
33 62 60 
37 11 41 
47 29 26 
56 61 96 
45 52 89 
67 38 93 
57 82 76 
85 2 49 
51 39 24 
35 52 69 
85 77 63 
2 21 26 
67 3 2 
26 23 35 
81 68 74 
72 15 89 
10 38 14 
29 66 4 
4 84 98 
39 32 29 
47 10 5 
79 43 31 
63 15 95 
36 16 15 
83 84 22 
74 95 70 
25 8 100 
17 19 47 
24 19 48 
27 53 98 
69 95 14 
89 85 36 
30 59 32 
65 9 98 
96 63 76 
77 56 74 
15 78 32 
27 77 58 
95 6 10 
25 67 74 
31 46 68 
57 3 77 
72 70 95 
97 48 71 
35 63 16 
30 86 48 
40 10 9 
31 23 91 
23 11 74 
3 78 96 
46 90 47 
2 25 18 
100 91 57 
42 37 96 
77 11 31 
1 79 50 
21 71 13 
65 10 21 
72 70 54 
97 23 66 
97 72 61 
27 70 62 
4 58 59 
15 69 31 
72 69 68 
4 14 15 
1 22 20 
6 17 43 
71 53 26 
99 22 60 
45 73 87 
59 98 64 
7 76 91 
74 36 78 
53 54 91 
35 58 7 
53 7 18 
89 38 85 
39 59 25 
41 65 36 
5 37 34 
13 94 80 
39 6 87 
49 81 66 
85 42 28 
57 68 97 
35 74 26 
64 100 86 
4 47 46 
83 41 34 
49 5 34 
51 61 66 
17 20 33 
5 67 23 
82 36 60 
73 11 10 
99 88 34 
42 45 30 
81 23 91 
82 84 17 
93 38 25 
11 64 43 
7 3 100 
46 6 53 
90 12 36 
36 78 14 
10 21 28 
39 54 43 
85 33 88 
42 74 22 
24 49 99 
35 56 100 
41 5 47 
4 25 15 
64 72 97 
99 10 57 
8 4 67 
51 36 73 
81 8 47 
94 72 49 
7 98 99 
99 83 13 
54 11 37 
78 50 5 
65 3 69 
68 80 4 
95 40 80 
3 49 98 
95 81 69 
68 51 83 
41 27 47 
30 16 68 
81 63 72 
47 13 10 
45 26 6 
20 31 9 
57 91 92 
18 10 44 
29 4 74 
66 52 40 
65 52 8 
71 14 78 
8 67 77 
88 5 71 
4 5 66 
80 91 47 
59 46 71 
67 33 75 
3 75 21 
73 61 16 
5 60 57 
10 44 3 
32 8 3 
25 62 27 
61 68 63 
62 27 58 
97 62 75 
86 10 6 
78 46 36 
7 36 44 
45 66 22 
11 100 34 
87 3 75 
97 54 14 
90 91 7 
84 4 56 
74 8 50 
5 4 62 
86 31 34 
84 88 5 
39 53 66 
27 16 58 
69 78 63 
41 85 73 
33 69 14 
8 70 10 
79 71 43 
71 5 54 
66 63 27 
35 59 84 
49 57 82 
13 94 24 
48 60 67 
24 89 64 
83 23 16 
64 85 58 
36 64 91 
59 98 74 
73 80 18 
35 87 49 
43 56 46 
63 33 44 
60 36 20 
2 14 17 
77 14 99 
62 47 7 
18 32 71 
4 5 36 
22 1 24 
77 89 2 
99 29 97 
7 70 28 
9 71 65 
63 51 14 
7 8 3 
30 29 59 
64 68 6 
27 80 75 
49 55 88 
9 6 69 
100 68 90 
90 35 5 
18 64 26 
3 60 50 
12 27 28 
76 66 89 
2 42 48 
40 10 94 
17 88 85 
67 29 76 
97 98 83 
11 40 57 
69 71 94 
66 56 1 
66 46 85 
95 83 98 
3 34 33 
93 76 31 
13 18 43 
14 1 12 
40 21 43 
71 45 24 
44 20 94 
16 84 27 
1 55 98 
12 48 99 
61 1 52 
67 92 55 
21 14 50 
76 27 38 
68 84 7 
70 54 28 
72 46 25 
62 98 47 
61 83 18 
71 95 65 
16 24 32 
30 12 37 
60 6 8 
80 49 62 
82 66 7 
91 34 68 
37 25 1 
15 27 45 
14 37 31 
97 17 22 
27 29 13 
67 83 89 
45 24 37 
51 31 34 
64 59 12 
82 16 63 
83 70 88 
51 3 54 
63 78 29 
45 66 4 
3 75 39 
6 82 35 
5 42 44 
12 44 72 
68 92 17 
71 22 34 
98 9 85 
15 42 69 
75 58 55 
13 48 22 
44 77 54 
35 30 38 
6 43 75 
57 33 19 
25 39 54 
79 76 67 
10 12 56 
32 13 5 
24 80 69 
9 56 68 
57 10 87 
79 61 71 
21 31 49 
59 70 12 
38 34 84 
74 6 19 
90 78 37 
42 94 25 
49 30 96 
59 10 83 
79 32 14 
39 13 82 
12 22 9 
30 45 39 
66 6 61 
16 88 90 
1 80 73 
14 89 29 
44 42 1 
64 43 67 
43 99 26 
28 51 43 
30 37 77 
93 19 1 
42 80 39 
30 16 80 
20 79 45 
40 89 98 
18 2 92 
32 99 1 
33 80 48 
86 73 53 
95 88 87 
55 42 3 
64 86 4 
66 48 83 
20 12 15 
53 84 77 
36 18 14 
76 84 29 
10 11 2 
49 79 20 
100 23 55 
27 78 18 
29 33 90 
72 69 41 
25 65 4 
59 54 87 
49 46 65 
88 62 6 
95 35 87 
88 14 65 
26 33 30 
46 28 99 
17 11 55 
56 24 29 
90 9 14 
13 22 42 
61 55 53 
49 70 61 
89 55 59 
95 6 19 
17 51 52 
80 64 13 
43 25 11 
95 79 82 
62 52 43 
10 22 66 
57 61 19 
14 86 65 
14 23 85 
57 21 93 
54 26 34 
84 41 100 
36 85 98 
52 28 51 
69 28 98 
52 73 38 
87 35 78 
31 91 25 
50 3 44 
88 50 20 
8 63 18 
31 35 47 
81 80 35 
57 31 87 
35 71 81 
9 58 23 
91 48 58 
90 96 94 
8 90 49 
35 19 59 
58 27 72 
45 49 98 
34 15 75 
19 41 35 
8 34 93 
34 75 5 
98 79 39 
20 54 29 
47 6 13 
3 39 51 
100 74 94 
42 9 63 
76 84 95 
1 23 66 
77 15 64 
89 92 100 
33 71 96 
22 97 80 
16 12 55 
3 53 66 
57 86 55 
17 99 73 
17 58 36 
32 29 94 
91 60 2 
58 53 14 
66 62 58 
9 97 93 
21 86 49 
52 79 19 
49 94 81 
27 47 48 
85 13 83 
12 64 33 
90 15 88 
85 22 81 
94 66 8 
71 21 82 
86 81 60 
79 94 44 
14 20 79 
96 44 72 
16 48 29 
66 100 74 
18 25 56 
26 78 21 
31 81 95 
28 63 4 
59 15 24 
43 14 73 
1 40 79 
56 18 71 
59 63 94 
59 49 98 
8 22 19 
13 34 25 
16 64 39 
76 41 43 
58 13 52 
26 31 53 
46 70 66 
28 9 26 
59 16 3 
95 21 83 
56 90 13 
77 74 55 
13 31 22 
54 59 40 
42 36 49 
84 29 97 
84 87 4 
23 62 14 
61 40 13 
84 41 94 
42 1 64 
4 34 73 
25 34 17 
3 39 17 
95 53 35 
81 3 17 
25 58 78 
19 85 75 
87 78 30 
92 17 33 
74 96 85 
96 16 62 
27 25 31 
72 65 69 
53 78 62 
11 33 53 
68 6 59 
16 55 63 
51 81 45 
52 7 83 
68 44 33 
1 72 79 
17 68 100 
32 13 25 
9 99 18 
90 94 38 
14 73 48 
11 25 1 
24 11 64 
94 54 60 
35 53 43 
19 17 30 
90 30 88 
62 14 79 
35 48 8 
67 80 44 
60 21 38 
64 6 70 
91 56 10 
76 88 41 
4 91 19 
73 67 7 
92 26 42 
36 27 5 
35 53 55 
21 56 51 
83 33 71 
80 32 54 
74 18 10 
16 11 69 
56 25 86 
86 8 88 
89 48 12 
71 15 78 
2 29 83 
2 54 6 
4 55 74 
17 62 3 
37 87 43 
78 3 50 
33 17 59 
76 83 90 
71 93 48 
67 56 39 
17 61 24 
95 42 27 
45 51 38 
93 86 8 
30 43 14 
2 34 83 
94 47 66 
16 72 100 
96 24 75 
69 44 48 
47 86 41 
52 54 51 
14 65 45 
86 80 7 
25 51 43 
70 47 45 
20 89 75 
89 9 94 
80 97 1 
67 13 84 
77 8 12 
63 99 29 
55 81 1 
74 68 38 
27 15 23 
93 15 27 
43 63 82 
33 48 75 
29 76 63 
76 26 1 
29 92 74 
1 34 28 
82 54 8 
51 29 32 
19 89 100 
97 25 74 
72 22 78 
26 20 15 
27 85 67 
76 75 61 
66 34 54 
63 7 49 
50 79 33 
59 25 95 
59 35 70 
8 58 62 
76 81 95 
38 54 66 
30 100 2 
56 79 8 
90 27 71 
27 55 80 
95 27 46 
100 65 43 
68 78 86 
72 13 32 
26 80 87 
59 26 10 
12 43 71 
68 44 84 
85 33 35 
43 15 47 
5 8 14 
72 16 1 
69 49 2 
6 31 21 
46 54 19 
10 21 47 
27 58 24 
45 19 65 
16 66 40 
90 20 84 
42 35 16 
49 8 54 
53 28 60 
84 18 47 
80 46 89 
15 49 85 
43 59 75 
36 91 20 
67 37 92 
47 65 23 
12 89 80 
33 59 94 
66 22 95 
14 53 62 
34 16 65 
68 93 38 
79 30 99 
52 94 83 
11 37 61 
35 77 86 
44 73 76 
40 20 13 
31 55 70 
96 97 37 
20 1 44 
14 44 29 
24 90 48 
50 51 95 
91 47 58 
70 99 36 
25 9 67 
22 28 53 
28 65 25 
77 34 82 
37 29 47 
58 72 48 
9 61 75 
10 35 15 
52 94 80 
87 72 55 
14 24 10 
25 58 96 
63 44 16 
64 15 4 
8 48 78 
26 16 69 
62 98 39 
26 20 96 
66 99 58 
72 6 17 
1 10 19 
2 90 65 
24 3 63 
40 56 31 
50 87 55 
47 9 32 
62 47 33 
28 48 81 
55 52 40 
1 76 57 
56 4 26 
60 7 12 
55 58 92 
41 35 87 
99 48 55 
22 18 25 
41 60 67 
24 35 3 
29 48 28 
90 58 73 
100 12 49 
90 71 31 
25 92 73 
16 9 23 
40 76 69 
61 27 29 
42 25 35 
11 14 45 
84 65 94 
94 60 39 
9 46 84 
6 64 25 
30 23 89 
85 30 49 
9 100 83 
21 2 78 
14 12 48 
55 22 81 
4 81 86 
18 24 60 
81 78 72 
4 43 85 
34 89 71 
93 37 38 
9 58 38 
42 86 66 
54 48 87 
49 26 13 
85 3 29 
20 26 37 
34 38 10 
12 21 56 
73 3 31 
62 61 85 
5 72 81 
15 71 22 
16 87 37 
32 33 8 
29 100 7 
77 84 26 
66 45 92 
74 17 6 
75 58 29 
65 81 37 
25 62 13 
48 75 72 
72 48 82 
23 70 60 
26 45 38 
73 26 36 
23 36 90 
41 78 25 
12 52 61 
76 38 36 
28 69 1 
59 95 5 
85 77 20 
7 57 24 
2 95 74 
46 68 66 
33 5 16 
2 71 69 
13 91 50 
25 47 78 
77 6 74 
68 92 19 
45 20 30 
90 16 85 
80 50 4 
16 22 15 
24 94 38 
93 52 77 
40 42 84 
22 54 26 
3 94 40 
8 92 77 
73 32 1 
16 71 5 
97 50 26 
45 8 9 
100 10 69 
10 23 26 
17 46 83 
39 15 24 
86 21 91 
74 20 92 
51 52 91 
14 96 82 
12 34 19 
63 75 79 
11 29 24 
71 98 17 
56 32 81 
99 83 62 
4 51 57 
78 28 49 
62 41 24 
7 94 84 
66 68 10 
14 100 11 
41 84 90 
77 53 91 
15 90 68 
66 71 48 
6 38 35 
25 59 31 
77 75 15 
1 35 76 
83 27 37 
72 68 18 
63 67 82 
70 71 20 
20 18 29 
8 96 46 
30 84 15 
60 4 40 
29 4 8 
47 67 64 
4 12 26 
88 55 2 
80 49 61 
19 55 100 
63 48 10 
86 76 5 
24 86 67 
85 5 8 
32 94 42 
46 16 67 
33 71 88 
28 8 38 
90 32 42 
23 5 38 
40 48 78 
41 75 76 
14 52 80 
57 8 53 
24 89 20 
83 16 91 
34 62 100 
55 93 47 
10 64 65 
96 40 77 
45 20 29 
51 8 22 
59 70 66 
79 88 3 
5 6 42 
29 80 81 
15 82 11 
12 25 76 
4 26 93 
32 78 9 
66 78 57 
44 59 64 
86 19 88 
24 90 93 
20 9 94 
64 84 66 
20 62 91 
22 15 41 
99 58 17 
50 65 31 
77 72 66 
97 29 51 
70 82 85 
42 3 73 
22 45 89 
3 52 9 
2 72 57 
19 8 25 
90 7 1 
99 82 57 
2 43 30 
16 63 36 
4 95 56 
76 84 45 
57 83 21 
66 7 9 
97 5 45 
9 92 80 
44 96 9 
80 4 92 
33 37 3 
50 96 6 
42 59 20 
83 39 16 
24 36 92 
22 27 61 
24 61 13 
76 49 2 
64 59 39 
8 4 10 
64 33 93 
94 55 75 
39 11 33 
44 42 78 
56 3 26 
15 81 55 
100 25 96 
75 89 2 
57 98 33 
75 24 88 
95 35 47 
27 48 16 
13 97 80 
41 74 48 
66 2 98 
96 52 62 
64 48 47 
22 75 35 
98 54 24 
66 86 29 
8 91 27 
25 30 2 
79 14 12 
90 36 22 
86 10 43 
32 10 17 
53 93 49 
50 41 49 
99 51 32 
99 93 61 
46 29 87 
20 74 97 
28 52 64 
65 53 90 
11 12 37 
25 21 29 
14 98 77 
29 45 38 
98 91 88 
61 9 69 
52 83 53 
65 86 38 
38 86 89 
85 53 91 
52 86 67 
26 37 32 
9 55 10 
39 68 29 
24 56 75 
87 30 96 
6 65 24 
43 4 58 
19 91 87 
76 14 36 
53 87 52 
35 50 33 
37 27 40 
89 85 74 
43 88 45 
39 43 41 
60 38 12 
66 90 68 
71 80 34 
83 4 94 
32 48 99 
45 49 46 
52 86 8 
80 65 8 
50 47 42 
63 24 53 
44 5 54 
40 64 43 
3 74 42 
89 43 21 
35 26 63 
89 22 59 
36 33 78 
68 95 64 
37 11 19 
70 78 11 
45 49 62 
25 30 47 
51 28 53 
86 34 41 
68 76 51 
75 54 35 
66 99 51 
13 46 89 
38 87 18 
36 46 35 
30 15 48 
12 17 81 
67 53 15 
92 8 53 
68 35 71 
13 60 66 
95 31 40 
49 38 72 
65 85 24 
13 32 49 
19 68 3 
31 90 92 
45 74 73 
51 80 90 
96 62 73 
50 96 38 
61 71 65 
2 10 29 
76 50 73 
60 41 39 
23 10 44 
93 86 85 
20 25 32 
44 26 94 
38 56 55 
53 3 59 
10 56 43 
11 57 94 
18 14 99 
33 75 90 
1 34 15 
25 41 76 
83 74 59 
14 28 85 
32 82 49 
4 72 10 
100 18 62 
48 27 73 
7 64 24 
74 33 59 
48 87 23 
41 72 59 
15 1 24 
84 97 86 
28 65 27 
36 7 30 
45 34 10 
59 73 3 
45 96 25 
63 79 20 
87 58 69 
9 70 23 
59 58 77 
33 29 10 
98 15 9 
33 68 65 
36 11 17 
56 81 60 
15 38 26 
40 3 19 
37 9 17 
58 81 35 
68 15 48 
39 76 90 
41 3 67 
75 12 43 
52 18 87 
95 52 49 
24 78 96 
75 94 87 
63 19 81 
13 3 31 
92 34 85 
41 78 68 
61 52 72 
5 76 10 
48 51 80 
22 43 68 
46 37 53 
27 12 66 
97 4 21 
82 84 80 
59 24 16 
6 24 22 
73 49 99 
98 16 29 
85 77 91 
100 59 22 
75 87 99 
4 86 50 
94 38 59 
19 74 24 
37 2 68 
38 80 77 
77 27 98 
82 49 84 
61 10 43 
54 3 76 
22 10 62 
8 24 40 
52 77 5 
24 5 74 
68 11 99 
99 71 86 
28 29 26 
77 66 71 
25 17 65 
93 86 47 
24 65 5 
93 49 89 
97 66 35 
95 90 61 
98 24 49 
9 21 36 
21 35 14 
73 1 35 
70 45 30 
85 51 7 
65 78 85 
60 39 6 
57 50 13 
72 38 99 
10 62 35 
43 66 7 
82 54 88 
68 18 43 
85 39 87 
62 17 69 
45 37 100 
55 85 8 
26 55 66 
77 74 24 
27 84 14 
99 34 89 
34 20 68 
76 13 38 
43 10 45 
43 66 74 
68 2 85 
81 71 41 
29 75 20 
4 7 85 
10 78 97 
27 67 11 
79 16 37 
31 6 35 
18 38 42 
51 96 92 
15 78 18 
86 81 65 
25 82 80 
87 82 22 
93 12 85 
61 22 43 
91 18 96 
38 94 14 
84 60 6 
80 99 72 
53 39 29 
5 92 18 
14 11 97 
49 84 95 
10 94 8 
5 65 31 
100 90 38 
75 37 100 
23 42 72 
52 41 2 
49 77 21 
64 91 93 
42 19 26 
32 7 87 
91 65 32 
5 56 44 
84 32 46 
86 7 4 
75 49 2 
11 8 25 
30 88 36 
22 17 31 
68 55 45 
28 74 24 
20 39 97 
76 84 71 
47 82 72 
18 7 3 
83 48 4 
22 89 14 
93 92 64 
62 99 68 
47 33 3 
5 44 26 
60 17 26 
49 51 58 
81 31 94 
35 88 43 
25 68 73 
77 83 99 
3 5 47 
20 48 69 
65 17 70 
31 34 93 
30 59 27 
7 38 81 
56 72 45 
28 91 25 
56 90 58 
44 34 33 
46 87 56 
59 95 47 
77 8 100 
36 1 43 
70 16 49 
29 13 54 
1 84 38 
96 45 97 
26 57 66 
57 61 94 
73 71 64 
78 77 62 
6 88 99 
80 1 10 
6 8 90 
40 44 98 
57 61 59 
4 75 68 
27 33 83 
87 16 25 
39 98 63 
42 39 38 
4 10 43 
41 29 53 
49 29 51 
15 58 94 
69 33 71 
49 93 27 
72 2 25 
76 24 51 
6 44 85 
65 59 31 
46 17 86 
93 88 9 
64 71 12 
85 52 42 
8 80 21 
25 61 100 
95 20 90 
57 19 36 
46 11 59 
78 18 99 
39 66 77 
22 7 31 
81 79 46 
28 1 29 
44 32 94 
31 62 24 
33 54 100 
16 78 39 
38 64 2 
21 60 46 
63 49 21 
79 17 65 
41 74 36 
11 13 26 
87 15 82 
6 38 95 
69 50 8 
44 38 5 
2 60 66 
27 65 24 
50 96 32 
25 6 94 
71 3 98 
44 91 41 
51 21 33 
12 63 15 
21 56 92 
73 12 23 
63 50 12 
11 97 92 
30 77 45 
26 22 43 
87 71 31 
59 8 87 
3 88 40 
1 96 12 
6 99 77 
94 22 70 
15 24 26 
94 97 4 
91 17 68 
28 6 34 
19 68 18 
18 29 22 
43 24 7 
32 27 10 
35 75 20 
67 69 13 
28 6 70 
33 67 27 
24 48 22 
11 73 39 
9 30 42 
23 70 7 
45 58 16 
36 68 17 
86 27 14 
45 33 30 
47 79 87 
57 85 10 
62 9 38 
78 52 50 
50 12 83 
26 12 46 
93 22 35 
67 13 55 
44 74 97 
24 57 2 
96 20 57 
41 74 47 
14 9 71 
83 69 34 
16 8 29 
3 57 69 
28 29 5 
15 42 92 
34 44 98 
59 18 16 
52 56 75 
38 36 63 
48 99 100 
80 19 82 
47 42 67 
76 38 72 
90 86 42 
7 3 12 
23 89 64 
27 11 100 
60 28 24 
42 63 1 
42 15 35 
86 9 84 
88 55 47 
49 19 72 
30 37 25 
14 62 11 
36 31 64 
68 46 76 
51 12 7 
99 48 49 
47 73 4 
84 56 100 
33 59 9 
45 15 38 
83 41 16 
98 21 79 
45 79 19 
89 33 46 
68 98 37 
81 8 83 
18 80 67 
64 25 58 
42 4 28 
68 25 76 
70 51 44 
19 41 55 
89 55 88 
73 6 25 
53 20 90 
63 15 61 
31 78 32 
41 12 91 
64 98 69 
42 77 12 
87 34 100 
89 15 84 
98 58 79 
1 74 26 
18 17 16 
60 24 27 
98 42 37 
27 48 33 
20 79 61 
35 59 22 
22 94 84 
26 4 65 
81 28 37 
12 63 88 
51 4 53 
41 12 88 
40 97 90 
97 78 1 
8 93 73 
14 36 45 
99 48 22 
76 74 56 
53 50 79 
39 32 84 
97 44 66 
83 29 7 
84 50 32 
27 72 87 
93 16 77 
98 80 29 
34 27 46 
71 46 49 
34 47 84 
2 34 15 
10 67 46 
21 100 22 
46 94 91 
54 40 79 
87 97 67 
59 52 56 
21 63 82 
11 57 5 
41 32 74 
57 26 72 
78 58 9 
51 49 86 
33 86 55 
81 3 45 
85 34 32 
25 80 28 
79 82 70 
66 32 64 
45 33 56 
21 99 8 
56 58 78 
81 77 25 
44 49 26 
83 70 73 
91 10 57 
98 45 20 
45 49 95 
64 35 99 
23 29 60 
33 57 62 
85 78 28 
31 35 54 
26 64 79 
13 28 31 
78 31 94 
78 96 81 
95 40 93 
38 17 56 
32 24 19 
6 99 64 
10 87 84 
28 35 56 
26 46 64 
82 22 70 
62 52 50 
30 36 47 
74 53 40 
51 3 11 
76 35 100 
9 34 3 
49 85 60 
64 56 90 
42 91 100 
52 54 84 
32 99 2 
30 14 100 
21 99 45 
95 54 90 
27 71 2 
5 34 18 
34 52 97 
18 86 71 
89 90 26 
89 48 44 
35 23 74 
90 8 42 
68 80 87 
26 11 84 
30 55 74 
39 90 63 
39 25 52 
26 20 44 
29 97 61 
98 77 82 
2 78 65 
15 17 74 
20 1 6 
92 9 32 
35 9 94 
83 62 78 
16 48 68 
31 55 21 
26 5 20 
68 88 80 
8 54 2 
17 75 35 
85 18 44 
36 82 40 
33 59 55 
26 59 80 
64 75 96 
60 62 18 
33 48 21 
96 59 33 
5 71 23 
55 93 19 
15 58 39 
92 87 9 
8 38 71 
42 48 64 
89 62 28 
18 23 47 
66 36 93 
9 51 97 
15 62 27 
25 56 42 
28 21 29 
64 85 10 
9 34 29 
82 62 47 
8 12 86 
52 17 79 
30 97 58 
34 45 81 
97 79 17 
34 87 46 
32 16 43 
85 30 14 
4 3 34 
23 44 93 
68 85 16 
24 74 1 
47 74 86 
36 9 64 
58 78 95 
26 77 43 
26 23 13 
32 19 70 
99 77 92 
69 80 13 
18 66 46 
6 98 66 
79 11 100 
31 40 68 
47 73 30 
7 12 1 
52 28 94 
29 58 31 
11 13 90 
17 28 95 
100 17 61 
29 27 80 
77 95 44 
65 49 95 
60 9 28 
95 87 23 
7 34 28 
28 8 24 
32 72 57 
31 70 1 
18 3 99 
15 38 22 
87 94 89 
1 66 97 
60 41 9 
36 43 13 
90 80 4 
55 54 43 
95 22 20 
41 99 14 
7 9 6 
93 92 75 
19 37 92 
72 19 10 
62 97 100 
39 29 65 
93 82 44 
3 57 14 
11 9 25 
41 60 73 
57 38 72 
11 21 20 
83 36 79 
29 91 42 
88 34 65 
37 65 24 
96 22 75 
71 30 36 
81 30 39 
26 7 6 
14 69 81 
70 20 52 
29 52 70 
4 100 48 
30 94 44 
31 36 51 
57 53 13 
83 64 96 
43 7 78 
96 74 63 
13 25 2 
9 97 14 
65 57 89 
15 38 25 
10 80 76 
38 77 33 
38 47 50 
41 51 21 
77 59 82 
97 38 72 
39 10 87 
52 42 24 
67 28 98 
57 45 38 
27 63 30 
36 75 5 
88 59 23 
13 91 80 
19 40 92 
72 45 33 
9 41 76 
15 7 99 
64 2 53 
45 3 23 
50 57 58 
63 54 61 
78 51 15 
99 9 88 
80 83 60 
78 21 53 
76 72 95 
76 4 42 
63 95 38 
72 2 16 
2 25 43 
78 45 80 
70 35 80 
86 77 19 
32 96 28 
89 43 30 
10 65 100 
41 4 58 
42 54 7 
34 58 18 
80 100 55 
34 33 74 
73 60 72 
27 7 100 
95 16 11 
20 3 7 
56 32 27 
77 32 8 
80 40 53 
92 31 39 
4 26 37 
46 80 47 
66 43 54 
61 40 45 
3 52 10 
62 12 76 
55 14 46 
33 15 80 
70 40 16 
23 94 80 
90 75 4 
3 99 9 
27 10 88 
46 42 49 
36 78 29 
8 95 1 
31 19 66 
42 77 39 
70 35 49 
82 59 91 
61 42 22 
20 54 74 
74 8 68 
31 71 96 
39 8 78 
60 2 16 
51 48 60 
74 68 59 
7 84 32 
90 16 86 
97 32 23 
48 62 61 
68 84 31 
50 31 77 
18 19 86 
5 50 36 
22 41 69 
10 24 66 
37 66 15 
35 36 76 
66 99 23 
40 22 75 
55 86 19 
66 51 78 
8 9 37 
33 49 45 
88 31 64 
22 69 63 
37 5 15 
5 19 72 
1 14 45 
38 47 33 
3 96 29 
71 39 35 
10 73 50 
28 58 16 
37 22 63 
42 84 81 
63 62 49 
28 34 45 
12 31 1 
47 43 88 
27 80 98 
41 36 91 
90 62 82 
42 5 18 
18 78 86 
25 28 33 
11 88 16 
42 67 74 
22 74 94 
69 35 40 
93 15 4 
61 91 100 
9 68 37 
7 17 32 
67 100 78 
92 11 32 
82 69 31 
15 43 26 
37 66 44 
94 75 34 
27 9 13 
60 3 70 
97 22 26 
90 97 73 
57 17 52 
8 79 96 
81 32 89 
89 55 37 
93 90 44 
97 30 39 
25 87 93 
10 58 74 
22 17 96 
75 45 39 
66 38 63 
37 46 40 
66 52 62 
32 82 22 
61 66 100 
83 47 10 
22 34 18 
33 82 72 
92 53 36 
89 42 39 
42 78 34 
41 31 80 
72 68 40 
2 34 57 
73 14 69 
37 35 94 
35 40 28 
56 78 70 
91 70 46 
22 15 74 
61 41 69 
76 38 20 
51 36 7 
79 22 80 
16 52 70 
9 30 13 
27 28 57 
36 13 34 
12 8 48 
88 90 70 
50 91 39 
24 44 5 
18 55 22 
56 98 49 
36 22 23 
3 12 26 
2 39 20 
80 61 10 
45 18 35 
23 43 26 
47 10 33 
48 53 49 
45 59 54 
19 22 17 
22 35 8 
19 11 10 
7 30 33 
77 71 55 
49 91 77 
99 35 86 
30 50 23 
6 88 1 
87 23 16 
31 21 33 
59 61 14 
45 71 67 
69 40 19 
46 30 88 
2 92 70 
3 15 26 
39 31 19 
71 1 89 
62 28 53 
32 26 63 
62 75 13 
66 4 64 
66 64 44 
88 30 57 
25 87 42 
85 19 14 
51 54 44 
49 20 2 
77 63 66 
30 70 96 
92 58 21 
7 15 97 
44 19 64 
89 57 90 
83 75 78 
90 69 73 
43 11 18 
31 25 29 
50 96 7 
85 39 50 
2 14 18 
19 10 64 
4 13 14 
73 85 43 
71 27 23 
43 95 74 
73 27 31 
67 46 55 
22 99 20 
53 71 86 
9 80 30 
72 74 46 
71 70 92 
2 77 87 
99 65 82 
87 18 81 
84 30 96 
37 84 22 
58 98 29 
71 89 41 
80 10 57 
48 30 38 
42 40 56 
7 29 36 
47 78 83 
90 23 15 
53 15 33 
85 55 94 
86 81 11 
60 35 11 
17 76 61 
76 73 5 
38 88 44 
82 69 7 
90 71 37 
32 38 60 
40 77 42 
73 27 5 
80 19 64 
100 63 26 
29 96 13 
27 99 43 
59 79 15 
87 13 75 
56 69 67 
67 43 83 
15 2 7 
31 66 17 
68 99 79 
58 84 95 
63 47 85 
42 34 15 
45 60 75 
20 69 29 
41 14 45 
44 78 97 
5 98 8 
19 2 7 
93 89 16 
31 35 13 
63 78 58 
32 6 67 
19 61 96 
12 41 17 
68 45 14 
11 39 10 
20 77 60 
8 88 30 
49 59 69 
26 43 81 
1 94 32 
27 2 99 
78 49 3 
86 6 72 
20 31 71 
72 82 31 
9 22 95 
63 18 72 
60 39 97 
45 54 43 
68 50 71 
95 73 86 
43 45 27 
53 84 73 
69 86 90 
60 32 90 
30 38 36 
42 38 19 
19 37 71 
24 66 41 
40 16 73 
90 94 57 
85 46 30 
17 44 97 
34 28 41 
48 47 51 
94 68 52 
26 30 15 
85 3 19 
97 40 48 
70 46 9 
74 55 51 
83 57 76 
64 53 70 
1 62 9 
47 14 8 
90 16 17 
34 4 46 
62 36 14 
98 93 63 
77 37 12 
51 34 39 
62 69 18 
42 36 39 
100 60 3 
66 24 95 
81 23 18 
20 13 5 
100 3 64 
27 2 12 
13 48 6 
81 21 17 
62 57 71 
66 21 14 
98 22 82 
68 35 54 
29 74 10 
56 77 38 
53 13 5 
17 25 39 
42 45 6 
70 67 90 
77 26 13 
8 1 50 
29 62 67 
42 2 33 
72 47 11 
18 11 50 
36 35 40 
10 99 26 
29 37 62 
21 1 25 
88 4 53 
10 61 4 
57 52 93 
47 9 87 
81 23 27 
92 14 94 
66 51 33 
85 50 82 
32 24 22 
30 29 78 
88 91 92 
8 69 74 
59 1 62 
21 26 77 
92 51 9 
49 80 44 
93 34 17 
33 66 15 
18 3 15 
36 74 27 
10 94 29 
79 54 76 
15 83 51 
24 91 11 
63 51 36 
21 41 19 
30 33 10 
65 61 72 
70 58 78 
59 20 56 
12 31 22 
50 31 44 
64 52 14 
29 94 15 
87 29 12 
82 61 26 
68 12 84 
70 53 9 
12 88 92 
91 65 4 
3 90 49 
20 69 88 
88 42 48 
72 18 84 
19 11 67 
73 85 49 
77 66 37 
100 93 53 
13 44 17 
46 94 38 
76 44 23 
3 1 4 
4 41 40 
67 25 81 
14 25 8 
21 61 19 
1 4 67 
63 76 3 
85 16 46 
34 8 91 
8 62 84 
40 2 20 
71 43 13 
92 23 55 
67 34 55 
32 9 21 
77 28 76 
80 6 15 
51 15 1 
85 31 84 
89 63 6 
87 91 53 
18 11 30 
29 96 94 
36 10 28 
53 59 80 
89 47 51 
70 64 84 
25 15 68 
59 32 81 
33 38 35 
99 57 2 
92 38 49 
81 15 30 
99 57 28 
90 21 23 
73 6 67 
59 61 56 
18 68 21 
30 21 38 
23 87 31 
73 92 7 
55 21 40 
40 88 25 
87 76 58 
26 52 58 
41 9 59 
38 42 52 
5 26 32 
37 8 6 
7 52 14 
63 59 55 
47 4 88 
71 99 19 
60 50 90 
29 12 99 
65 81 21 
70 50 57 
39 63 32 
98 25 89 
6 31 86 
56 71 29 
61 37 39 
61 35 46 
20 30 1 
66 92 78 
8 2 23 
78 59 99 
7 48 27 
69 60 48 
59 32 77 
53 28 19 
74 33 93 
39 33 91 
19 8 76 
90 61 76 
46 28 94 
66 17 7 
92 20 55 
72 44 69 
95 84 59 
88 2 49 
5 56 58 
11 58 78 
52 64 65 
25 62 78 
79 75 76 
33 37 62 
68 75 81 
85 87 84 
77 29 68 
36 31 38 
33 84 37 
47 24 66 
55 56 34 
83 92 95 
76 28 80 
27 97 65 
75 41 27 
32 41 2 
100 91 16 
42 55 88 
9 47 75 
18 45 55 
40 20 59 
19 9 96 
25 54 34 
98 47 20 
75 16 88 
76 24 16 
69 6 37 
75 39 48 
67 40 59 
36 83 63 
11 12 20 
93 2 3 
45 14 8 
98 25 51 
14 99 71 
49 51 33 
27 21 7 
77 62 43 
79 31 36 
41 95 60 
75 49 23 
70 7 42 
45 31 91 
20 57 2 
19 13 39 
4 96 37 
59 78 72 
44 73 58 
42 30 8 
32 75 40 
96 73 58 
64 93 20 
36 79 58 
98 62 81 
98 26 93 
32 8 78 
15 13 30 
16 1 41 
31 14 62 
34 4 100 
24 45 62 
16 6 2 
76 17 23 
40 94 16 
63 99 16 
14 48 85 
70 89 11 
23 81 59 
70 51 56 
71 16 39 
36 71 88 
29 92 68 
4 51 69 
60 97 47 
71 93 25 
30 22 55 
81 36 29 
20 64 31 
45 78 64 
34 25 64 
23 18 67 
42 28 26 
61 75 62 
32 7 91 
3 50 24 
60 37 4 
47 73 53 
19 3 15 
25 28 92 
6 52 97 
39 90 58 
41 59 13 
31 25 38 
34 27 100 
4 86 56 
73 61 82 
90 79 30 
50 9 79 
68 71 1 
79 4 15 
41 51 69 
15 61 68 
76 72 37 
73 33 25 
62 51 49 
64 89 56 
44 4 64 
16 46 11 
63 61 10 
85 43 18 
31 9 29 
43 31 51 
80 62 26 
27 21 75 
12 53 44 
37 84 70 
31 33 77 
29 59 100 
40 9 2 
66 59 46 
89 22 40 
100 51 96 
87 25 8 
47 54 36 
45 47 27 
67 52 37 
82 20 94 
55 43 71 
38 75 68 
71 46 84 
46 64 20 
12 23 97 
62 29 79 
73 20 10 
19 48 5 
98 8 93 
91 86 94 
97 23 8 
79 85 89 
45 92 81 
9 50 92 
64 40 86 
69 78 29 
55 22 39 
23 39 71 
78 60 57 
3 74 86 
34 40 57 
21 73 40 
86 87 64 
76 54 74 
57 89 79 
14 72 66 
32 21 58 
13 42 60 
87 80 46 
15 13 88 
58 93 13 
59 6 9 
16 90 47 
5 70 59 
64 65 97 
63 42 52 
68 51 56 
95 43 38 
40 2 82 
64 98 34 
26 79 90 
62 97 6 
50 84 76 
84 59 13 
59 24 79 
84 29 48 
35 78 96 
34 4 75 
33 54 6 
82 91 39 
78 13 56 
27 35 97 
8 78 19 
13 92 98 
70 71 83 
81 76 45 
26 65 38 
98 2 55 
15 77 91 
48 6 56 
3 57 26 
82 23 70 
51 53 11 
47 80 98 
76 1 82 
31 17 28 
85 90 89 
79 17 68 
63 37 97 
73 63 6 
70 42 89 
98 71 77 
59 25 29 
31 45 57 
8 21 49 
95 45 93 
27 13 8 
43 17 18 
20 24 18 
12 15 85 
15 43 98 
2 99 35 
31 46 38 
93 83 50 
54 93 72 
36 16 100 
65 54 11 
30 28 88 
48 33 43 
10 55 80 
19 71 15 
41 34 66 
19 53 40 
64 55 21 
97 77 44 
36 93 71 
74 1 78 
65 75 25 
51 30 77 
19 5 21 
95 12 15 
32 21 25 
22 61 15 
17 49 50 
85 20 38 
15 40 37 
63 49 95 
71 98 56 
70 82 76 
80 91 19 
32 43 33 
85 14 92 
28 48 61 
100 62 29 
12 58 20 
36 34 15 
81 51 76 
46 74 32 
97 98 36 
27 54 9 
23 47 72 
20 67 12 
9 34 77 
24 66 45 
43 73 11 
4 3 24 
38 53 61 
66 62 70 
83 76 69 
48 38 35 
50 12 90 
21 92 64 
50 91 83 
5 19 74 
1 35 4 
8 92 5 
93 18 79 
22 97 62 
12 58 92 
69 85 66 
97 30 47 
48 41 24 
30 99 43 
51 54 15 
73 22 23 
80 96 17 
97 35 19 
5 4 42 
2 31 40 
35 97 93 
74 48 98 
58 85 12 
17 67 13 
79 66 11 
100 68 2 
1 81 8 
18 35 28 
44 18 36 
66 18 92 
68 93 36 
29 94 49 
91 70 20 
26 53 100 
1 19 36 
50 75 77 
14 66 29 
81 37 96 
57 19 44 
77 35 19 
29 73 53 
23 64 1 
20 82 77 
95 84 77 
10 73 40 
20 12 64 
95 91 75 
76 98 50 
64 83 63 
73 29 2 
86 46 79 
31 34 25 
88 32 57 
4 39 13 
100 94 46 
84 58 20 
26 54 48 
45 41 65 
52 79 48 
59 68 73 
90 72 50 
8 48 98 
1 26 95 
30 18 100 
1 32 77 
67 63 61 
6 72 10 
95 78 42 
86 21 4 
5 23 27 
45 37 66 
63 95 14 
80 11 54 
19 29 1 
79 29 1 
28 53 48 
89 8 60 
58 83 11 
9 50 38 
10 75 67 
98 84 86 
56 77 86 
7 88 93 
51 18 25 
32 16 25 
16 52 64 
7 39 5 
81 96 64 
49 15 90 
97 19 78 
47 21 20 
62 36 37 
20 99 77 
68 86 22 
22 24 36 
35 78 39 
37 99 66 
98 8 45 
37 43 48 
21 78 29 
66 64 27 
25 84 30 
29 86 54 
33 4 64 
64 51 26 
81 52 84 
46 43 93 
26 82 42 
38 17 65 
58 49 52 
84 100 74 
23 83 57 
70 49 46 
36 57 54 
90 76 96 
63 75 2 
76 89 46 
89 54 61 
97 47 43 
3 99 78 
65 8 58 
40 11 64 
18 51 95 
94 53 58 
96 41 68 
53 88 93 
75 61 54 
46 80 9 
71 69 92 
3 48 71 
75 80 41 
13 70 81 
97 73 10 
5 97 11 
49 95 77 
67 78 58 
79 53 64 
83 88 33 
89 52 87 
72 100 74 
74 60 89 
71 89 22 
45 26 56 
6 2 12 
12 37 45 
74 40 55 
4 48 85 
58 90 29 
70 24 92 
14 82 11 
73 46 78 
72 28 4 
93 3 44 
41 88 25 
4 99 12 
44 90 67 
16 18 43 
29 7 34 
40 60 68 
21 88 93 
58 26 97 
6 83 80 
32 12 33 
9 46 30 
36 33 32 
19 22 18 
14 85 90 
11 39 81 
63 68 67 
95 18 52 
42 26 25 
100 99 15 
37 97 90 
53 32 94 
11 88 14 
51 91 5 
95 79 55 
24 74 22 
1 49 48 
61 27 37 
7 84 3 
5 52 8 
61 52 7 
1 24 65 
73 76 90 
100 62 26 
76 72 6 
34 69 28 
16 59 33 
57 17 51 
79 77 40 
43 96 20 
27 11 74 
29 24 34 
22 81 61 
51 81 44 
76 84 33 
40 22 2 
5 46 26 
50 15 53 
86 72 48 
5 89 25 
1 2 82 
7 27 86 
16 76 67 
31 44 27 
67 7 60 
98 71 80 
24 31 21 
85 42 36 
3 5 26 
32 100 11 
37 24 8 
85 68 78 
67 71 18 
88 90 92 
9 29 26 
37 3 100 
68 70 72 
25 78 20 
56 82 79 
67 49 28 
20 29 39 
12 7 88 
81 43 16 
30 67 17 
9 34 49 
66 85 73 
45 98 58 
33 29 41 
67 10 85 
31 51 89 
66 35 61 
30 62 1 
65 56 62 
62 29 98 
84 53 16 
35 88 82 
37 80 71 
7 5 38 
43 95 71 
48 38 43 
34 87 84 
93 21 2 
13 21 14 
75 13 88 
49 84 93 
94 65 53 
34 74 19 
81 42 79 
93 7 18 
79 91 52 
27 100 41 
91 97 78 
10 2 50 
77 19 88 
45 17 82 
24 82 95 
39 35 77 
6 66 42 
44 18 51 
14 69 68 
24 30 86 
45 20 53 
10 84 69 
96 74 9 
12 96 10 
59 79 45 
51 60 80 
64 58 10 
35 65 8 
25 91 3 
76 44 2 
79 73 57 
48 100 82 
63 11 83 
35 45 38 
60 1 30 
13 57 59 
5 56 59 
51 20 8 
62 61 93 
67 46 60 
18 38 62 
31 24 70 
8 7 96 
39 97 86 
70 53 49 
11 37 62 
86 96 18 
63 26 71 
48 32 47 
38 73 29 
36 63 22 
11 79 46 
76 80 62 
95 36 26 
97 40 98 
93 41 24 
78 22 77 
45 16 21 
5 91 98 
60 81 53 
4 29 36 
25 94 39 
49 60 14 
6 48 20 
46 7 47 
10 78 4 
9 84 14 
97 25 79 
48 67 1 
87 27 26 
70 88 100 
99 44 96 
17 62 9 
18 68 10 
23 48 7 
44 39 8 
58 36 83 
33 25 68 
10 16 73 
44 60 99 
8 71 58 
62 57 95 
12 1 58 
2 46 9 
91 41 75 
72 34 41 
97 66 62 
65 14 11 
6 82 15 
4 10 80 
30 75 16 
48 44 11 
7 74 37 
26 33 81 
82 96 7 
86 38 75 
47 4 7 
83 72 18 
56 98 11 
20 11 2 
33 70 77 
71 89 75 
17 95 100 
8 72 83 
32 23 22 
36 34 78 
2 98 77 
68 11 54 
70 90 47 
22 41 93 
63 47 8 
31 9 33 
34 82 89 
100 62 39 
88 70 45 
9 97 13 
22 50 97 
92 44 8 
10 54 22 
97 24 15 
39 2 30 
17 27 97 
62 20 71 
21 99 24 
17 67 64 
98 5 19 
58 41 72 
20 12 52 
62 49 25 
37 7 6 
20 88 16 
16 10 8 
3 14 65 
33 62 8 
50 51 12 
21 1 7 
68 59 99 
52 34 46 
83 15 18 
21 36 57 
4 35 47 
5 94 84 
72 92 98 
35 68 19 
18 35 73 
67 20 58 
12 25 49 
62 10 90 
71 1 52 
95 96 36 
11 78 97 
99 87 60 
99 97 27 
60 46 81 
26 6 12 
100 71 24 
76 92 74 
24 74 16 
32 78 24 
71 77 87 
66 58 70 
46 53 7 
5 69 17 
14 30 1 
14 90 68 
83 2 41 
45 71 91 
33 1 50 
87 39 74 
31 82 85 
12 62 80 
71 89 81 
63 34 89 
58 42 71 
92 27 87 
38 37 91 
3 31 8 
62 97 91 
75 65 95 
62 14 50 
73 84 33 
67 84 70 
98 19 2 
80 92 68 
28 27 43 
3 35 83 
33 22 27 
93 20 97 
16 7 48 
36 20 34 
25 54 27 
55 45 41 
39 3 47 
79 38 8 
40 65 16 
16 23 79 
51 90 35 
66 69 11 
86 58 97 
70 3 98 
24 71 72 
99 82 98 
31 41 6 
99 84 9 
51 29 14 
66 55 22 
56 15 17 
5 87 84 
32 54 22 
49 60 6 
23 18 31 
13 88 93 
47 19 28 
54 82 74 
85 33 18 
6 2 46 
27 17 43 
36 51 48 
14 93 56 
28 72 88 
83 8 37 
51 10 90 
42 24 5 
46 93 20 
48 58 40 
38 93 50 
33 55 82 
8 9 19 
55 57 66 
9 38 17 
43 61 63 
20 78 35 
58 86 40 
31 29 17 
61 81 40 
47 3 22 
78 58 24 
67 76 94 
72 85 29 
66 70 38 
52 81 23 
80 59 94 
83 38 9 
89 11 88 
100 98 95 
52 41 25 
29 82 74 
11 16 18 
67 14 55 
76 74 35 
23 7 62 
12 23 60 
12 24 97 
23 36 72 
14 69 72 
33 61 84 
89 62 11 
90 76 21 
20 12 88 
69 71 25 
40 98 65 
23 66 32 
61 66 77 
78 47 44 
79 74 17 
98 46 33 
55 56 9 
25 61 2 
10 44 55 
91 94 78 
24 67 100 
92 59 97 
53 59 36 
41 39 91 
15 17 20 
90 87 10 
60 40 6 
66 21 62 
75 88 21 
46 24 66 
85 9 80 
20 23 18 
2 95 4 
50 46 33 
82 27 57 
66 50 29 
62 90 12 
62 53 49 
72 35 34 
80 87 99 
69 85 75 
31 9 66 
40 67 23 
34 87 40 
10 55 67 
26 80 1 
14 38 83 
9 43 40 
41 80 43 
48 82 80 
55 73 23 
57 34 4 
74 54 4 
5 97 89 
41 82 42 
27 31 18 
40 26 16 
76 44 1 
49 58 80 
99 47 56 
67 99 27 
33 86 63 
33 21 37 
40 76 64 
39 56 23 
10 18 32 
56 21 8 
36 8 94 
35 44 52 
28 12 4 
98 90 3 
50 77 2 
46 99 27 
26 96 31 
11 44 29 
5 50 18 
33 11 43 
25 18 74 
27 25 82 
78 54 76 
2 43 69 
85 46 8 
19 14 91 
79 67 100 
55 60 100 
55 56 7 
68 98 17 
99 4 55 
9 2 44 
49 36 17 
86 16 91 
2 51 88 
53 39 79 
21 25 85 
71 89 72 
55 90 62 
27 39 42 
16 43 61 
1 27 85 
81 41 82 
96 68 22 
38 3 63 
66 60 3 
93 50 82 
43 71 70 
2 56 84 
71 29 11 
5 24 93 
88 65 23 
19 12 17 
24 33 39 
25 3 24 
15 50 2 
23 14 58 
53 38 34 
61 71 4 
93 89 10 
73 64 98 
54 84 80 
93 91 11 
39 85 93 
29 68 88 
89 39 40 
49 64 84 
100 57 8 
98 57 89 
79 20 72 
91 55 14 
79 4 14 
46 95 60 
7 46 24 
1 99 65 
90 40 44 
78 89 45 
30 17 50 
74 65 82 
81 29 20 
36 10 87 
5 81 95 
17 7 80 
95 38 89 
60 70 69 
8 56 66 
99 94 86 
83 7 47 
3 82 80 
97 42 26 
17 50 85 
6 43 55 
69 44 92 
71 46 13 
35 65 17 
36 50 2 
29 52 66 
4 78 27 
47 99 8 
94 58 69 
7 65 27 
65 93 28 
77 69 84 
87 36 62 
7 19 74 
20 66 74 
16 14 46 
52 53 99 
57 40 38 
11 99 22 
36 55 100 
64 89 67 
49 40 91 
54 83 2 
28 45 41 
15 22 27 
25 20 96 
70 21 37 
8 50 14 
55 66 79 
38 43 89 
14 75 12 
67 89 18 
31 56 46 
27 14 46 
76 49 32 
50 12 93 
79 10 9 
67 63 25 
75 55 54 
98 28 44 
90 53 85 
2 63 6 
45 8 60 
80 69 94 
10 81 58 
50 59 3 
92 86 19 
45 80 69 
83 44 32 
81 24 70 
32 61 88 
49 62 100 
50 51 37 
70 36 53 
65 64 49 
7 26 97 
1 31 89 
5 48 92 
36 76 67 
25 2 91 
86 1 73 
100 92 95 
80 59 2 
17 77 97 
81 20 78 
81 1 37 
100 50 47 
65 8 55 
18 30 15 
35 38 83 
29 94 98 
85 3 26 
16 55 14 
95 46 91 
39 87 46 
49 14 2 
2 38 1 
91 54 73 
52 27 44 
39 27 80 
2 34 26 
98 48 86 
26 91 28 
79 69 35 
96 46 73 
81 47 12 
37 87 19 
48 77 16 
81 94 65 
16 68 13 
9 61 73 
59 87 36 
15 58 45 
89 82 65 
74 2 89 
14 99 23 
70 17 45 
94 33 70 
75 9 98 
93 86 56 
59 8 28 
9 36 57 
68 35 86 
69 43 74 
32 100 75 
65 55 1 
92 89 35 
86 11 77 
84 55 56 
99 55 93 
77 95 4 
23 41 57 
80 46 55 
59 17 26 
4 11 16 
79 83 41 
16 19 33 
53 41 90 
100 87 91 
46 70 97 
40 41 7 
27 18 22 
62 99 66 
8 63 19 
62 17 68 
58 4 60 
1 91 4 
53 35 34 
7 42 55 
76 82 62 
77 37 31 
85 92 21 
56 79 54 
75 4 93 
33 100 39 
42 6 16 
2 78 43 
61 83 66 
93 66 81 
49 13 29 
1 73 76 
70 82 58 
73 47 65 
94 76 71 
20 16 68 
49 96 83 
47 9 73 
98 43 28 
97 40 18 
84 22 62 
8 41 2 
54 86 15 
83 33 22 
73 25 1 
44 33 42 
16 45 95 
78 76 42 
71 52 95 
94 59 50 
31 27 69 
78 88 46 
71 24 44 
100 35 65 
57 40 15 
86 5 6 
69 22 48 
39 21 38 
1 30 36 
53 7 40 
24 87 57 
78 84 7 
6 26 42 
92 71 85 
59 12 72 
47 4 10 
16 11 35 
15 41 11 
85 19 96 
68 14 86 
36 95 65 
12 10 24 
92 90 3 
86 94 64 
75 24 44 
87 16 63 
18 45 81 
33 15 75 
69 76 36 
13 21 8 
96 64 34 
43 23 64 
83 84 20 
98 56 80 
25 99 43 
6 32 98 
18 1 70 
12 52 40 
74 65 10 
52 48 13 
64 57 99 
85 40 79 
8 74 73 
47 25 31 
91 54 43 
5 52 34 
67 30 85 
73 82 68 
42 58 40 
56 9 77 
65 21 18 
37 58 99 
21 22 49 
65 59 54 
14 62 21 
35 67 82 
49 60 41 
9 36 44 
37 89 63 
56 17 98 
82 38 68 
21 55 5 
83 5 20 
34 84 23 
75 88 61 
2 44 10 
17 62 33 
23 9 92 
10 31 20 
29 93 66 
15 39 71 
56 97 96 
46 65 37 
50 42 12 
7 62 20 
3 34 32 
23 92 24 
71 37 30 
98 79 5 
28 27 20 
25 91 50 
86 91 23 
32 28 31 
54 85 28 
35 39 76 
34 90 48 
19 54 44 
89 35 22 
35 48 52 
10 44 70 
69 84 21 
55 75 66 
90 82 45 
10 34 35 
63 17 57 
6 35 27 
2 100 25 
39 38 27 
2 46 95 
1 34 98 
27 75 5 
24 58 74 
21 7 3 
5 31 16 
50 75 68 
82 11 84 
93 83 63 
16 15 71 
16 37 48 
100 58 93 
61 71 43 
87 69 60 
64 45 83 
36 72 52 
76 100 62 
33 11 22 
81 82 63 
40 68 100 
87 6 24 
39 62 73 
41 88 87 
78 32 58 
49 95 100 
43 22 60 
87 79 31 
99 52 16 
85 25 2 
43 49 95 
21 72 64 
66 9 99 
56 31 90 
36 1 99 
34 38 28 
11 28 72 
18 36 70 
2 66 41 
66 85 13 
66 35 68 
74 75 70 
8 92 11 
69 16 49 
37 94 17 
56 76 17 
96 54 60 
7 36 73 
23 13 38 
79 1 12 
93 29 6 
71 93 33 
53 62 80 
54 76 65 
16 2 30 
72 66 68 
31 30 52 
63 92 13 
21 53 49 
40 74 30 
80 65 66 
81 3 83 
27 8 12 
53 93 64 
90 25 4 
75 40 37 
44 14 42 
78 43 52 
40 72 94 
7 61 67 
25 16 41 
73 16 37 
87 11 66 
59 97 33 
86 4 79 
14 28 45 
83 30 20 
35 80 27 
47 53 78 
45 30 32 
15 14 22 
17 74 45 
34 82 41 
93 81 92 
25 16 65 
60 100 83 
81 97 10 
51 99 64 
91 71 22 
37 51 52 
25 75 62 
77 22 2 
40 62 80 
95 21 30 
20 52 55 
34 19 37 
12 93 66 
82 68 15 
99 1 88 
72 2 11 
42 25 38 
28 73 56 
23 34 22 
60 76 38 
99 97 21 
72 35 19 
60 29 17 
67 95 3 
31 16 69 
14 96 40 
33 74 69 
63 99 22 
71 3 89 
5 83 55 
85 96 30 
80 48 49 
74 27 51 
77 33 65 
93 18 44 
13 3 69 
26 99 45 
11 12 1 
6 84 37 
42 87 24 
7 35 97 
53 14 13 
19 14 17 
21 92 84 
53 4 9 
79 91 23 
55 21 72 
36 63 87 
27 44 46 
2 52 89 
39 30 78 
80 59 18 
33 28 14 
15 48 8 
50 12 65 
44 67 87 
91 57 96 
86 23 5 
21 31 27 
5 15 16 
72 96 90 
75 89 29 
68 69 49 
57 98 22 
52 64 73 
19 16 44 
27 67 32 
66 64 95 
35 96 86 
64 67 13 
51 86 11 
9 82 74 
30 47 70 
55 53 17 
8 92 66 
79 10 94 
20 48 92 
95 31 45 
61 7 54 
9 15 53 
51 75 87 
99 69 88 
93 74 91 
2 52 88 
85 48 28 
23 12 94 
78 60 12 
40 57 56 
37 62 67 
50 22 79 
24 55 13 
70 93 44 
42 37 13 
22 98 77 
66 61 78 
63 57 75 
42 51 58 
65 10 22 
57 44 28 
65 55 19 
50 63 96 
44 45 23 
23 69 31 
97 98 95 
15 18 49 
84 62 44 
81 71 17 
78 39 62 
95 76 93 
54 74 72 
91 53 31 
71 43 1 
59 93 22 
93 84 27 
96 74 62 
18 83 63 
64 97 21 
51 35 26 
81 43 7 
20 63 89 
41 65 6 
2 22 33 
35 66 47 
77 33 95 
32 66 47 
5 19 45 
5 34 85 
90 51 84 
51 7 29 
25 56 74 
31 12 34 
5 54 92 
22 41 1 
43 59 4 
91 70 42 
87 20 78 
27 59 33 
50 90 15 
19 67 3 
2 94 10 
92 96 43 
44 5 78 
15 12 96 
88 35 94 
69 76 52 
76 24 47 
57 45 49 
18 43 72 
23 30 26 
73 82 52 
40 41 57 
92 75 91 
53 77 40 
74 13 60 
71 20 45 
10 82 44 
76 22 82 
28 77 86 
47 64 79 
23 52 75 
53 49 90 
24 15 46 
8 80 47 
75 34 43 
77 100 29 
93 66 79 
35 69 23 
5 76 14 
28 5 8 
63 71 29 
80 15 61 
27 46 13 
98 50 30 
92 23 96 
95 42 80 
30 9 54 
58 44 60 
44 35 56 
78 50 34 
31 67 15 
43 94 20 
56 32 4 
1 49 95 
2 73 94 
89 86 88 
67 92 11 
10 82 75 
83 47 29 
34 1 100 
62 56 35 
28 43 75 
62 79 27 
69 7 48 
2 24 47 
4 56 78 
44 46 61 
10 25 21 
36 98 68 
55 49 6 
84 57 32 
62 37 6 
28 16 62 
90 31 97 
97 50 71 
74 78 6 
51 96 14 
68 3 50 
26 75 83 
4 12 49 
66 68 38 
27 83 90 
33 19 3 
11 64 66 
53 60 37 
56 39 57 
37 91 51 
18 80 39 
44 85 95 
43 88 13 
75 59 50 
83 22 100 
81 92 37 
79 38 39 
79 9 66 
75 61 98 
44 51 46 
78 37 88 
21 55 99 
6 21 45 
76 43 80 
8 48 28 
29 82 70 
81 27 28 
6 46 33 
75 29 51 
23 95 69 
82 38 50 
51 35 4 
65 15 90 
35 76 63 
43 62 82 
35 27 78 
57 11 47 
40 72 54 
60 6 71 
31 100 77 
48 51 30 
95 88 59 
22 93 98 
77 54 65 
86 88 52 
8 6 41 
37 79 49 
5 41 25 
78 53 88 
98 82 57 
84 4 48 
37 75 65 
62 28 85 
44 63 73 
33 91 35 
2 90 99 
25 91 38 
68 90 93 
75 55 60 
45 15 11 
96 57 45 
43 91 35 
86 5 37 
97 25 54 
78 69 75 
41 71 65 
64 72 73 
16 64 46 
17 77 56 
63 23 95 
96 77 60 
34 48 5 
23 48 11 
44 87 83 
72 64 99 
43 96 46 
9 88 10 
37 2 14 
26 25 80 
64 92 3 
43 67 13 
47 66 28 
65 29 68 
21 12 57 
13 39 17 
21 56 69 
83 97 84 
98 46 38 
66 79 90 
42 53 41 
94 76 96 
41 87 27 
45 24 31 
31 74 33 
30 85 54 
58 61 34 
31 60 68 
69 93 20 
93 96 22 
67 64 68 
4 94 33 
1 85 70 
67 28 95 
53 40 60 
40 66 14 
69 29 99 
61 52 49 
86 77 37 
9 76 94 
40 78 24 
44 40 34 
34 50 95 
78 76 80 
2 48 12 
38 90 51 
49 23 32 
41 54 24 
28 59 49 
63 99 55 
21 29 8 
62 60 97 
66 19 50 
98 4 31 
23 8 63 
16 49 46 
20 7 9 
94 68 43 
70 41 56 
44 73 11 
76 23 19 
30 64 96 
26 10 7 
25 21 74 
84 70 88 
73 51 62 
3 99 17 
70 82 68 
72 20 6 
53 59 11 
18 48 8 
25 57 2 
73 34 11 
17 29 15 
98 39 7 
38 47 5 
2 38 29 
49 1 13 
3 4 100 
37 15 29 
27 46 25 
81 1 79 
56 31 57 
15 11 71 
89 38 37 
14 54 33 
61 36 62 
81 30 99 
19 50 5 
62 35 53 
88 62 51 
14 40 72 
84 65 1 
18 69 8 
27 87 37 
75 84 43 
100 86 88 
22 78 64 
87 15 97 
2 7 1 
65 95 14 
22 51 80 
87 82 63 
87 76 91 
62 36 17 
24 63 14 
66 84 81 
39 18 67 
74 56 5 
26 33 98 
22 85 65 
83 18 71 
5 92 74 
37 26 99 
16 69 20 
29 20 100 
94 72 33 
36 65 47 
86 37 27 
4 35 22 
85 56 87 
42 1 43 
11 96 41 
49 35 8 
26 19 75 
49 56 80 
93 33 44 
80 37 100 
65 87 92 
33 2 27 
65 14 89 
38 93 47 
12 91 78 
27 25 8 
25 91 90 
37 94 50 
67 46 70 
41 87 32 
93 12 82 
69 56 16 
32 11 52 
89 33 13 
49 53 74 
80 65 58 
3 50 37 
54 31 39 
7 38 79 
46 86 40 
62 5 75 
67 31 84 
53 37 8 
12 92 99 
13 16 86 
10 64 17 
85 87 43 
22 70 58 
63 81 85 
60 80 98 
34 67 13 
58 50 30 
17 31 26 
52 49 39 
66 4 78 
85 36 43 
25 9 46 
3 71 15 
23 52 13 
82 96 11 
27 55 37 
13 9 4 
62 16 81 
39 27 91 
37 80 93 
49 89 75 
64 25 76 
76 85 52 
4 12 19 
3 16 56 
18 40 44 
33 82 5 
13 11 68 
16 59 99 
62 76 56 
72 98 96 
61 79 16 
77 33 14 
38 33 84 
27 38 36 
49 3 65 
47 13 99 
54 14 56 
96 63 17 
23 53 61 
73 89 58 
9 51 57 
23 20 48 
51 22 39 
48 55 91 
13 78 3 
9 24 19 
4 42 68 
93 42 91 
74 54 85 
37 41 33 
45 64 9 
57 85 66 
45 56 28 
13 70 14 
59 58 6 
78 31 51 
83 2 27 
88 54 11 
9 72 49 
10 3 25 
21 14 38 
17 9 7 
42 3 14 
22 17 71 
38 45 30 
11 76 90 
94 27 69 
7 26 83 
69 22 98 
96 78 14 
81 72 66 
17 62 73 
47 9 58 
45 65 29 
69 27 59 
48 22 79 
79 5 23 
64 1 86 
51 7 93 
35 33 4 
1 32 47 
45 52 68 
36 6 10 
90 12 4 
32 8 75 
27 29 57 
26 62 14 
34 56 69 
13 33 31 
100 16 61 
8 44 4 
40 71 87 
5 62 17 
42 74 70 
18 43 98 
91 24 94 
20 3 18 
35 81 55 
100 29 61 
42 91 50 
47 80 71 
83 5 29 
75 23 88 
19 97 100 
11 50 78 
46 60 74 
97 5 67 
63 17 49 
11 12 28 
80 55 31 
45 30 51 
17 78 75 
90 27 81 
42 31 5 
13 43 95 
63 40 61 
58 53 52 
2 97 12 
60 1 97 
41 53 20 
39 50 33 
86 35 83 
71 78 74 
27 60 91 
66 27 98 
42 16 10 
58 97 99 
62 40 21 
81 26 36 
17 86 70 
51 22 31 
17 15 13 
90 47 87 
25 79 58 
75 14 59 
23 55 98 
60 31 39 
90 69 80 
81 52 71 
15 6 58 
72 70 15 
59 62 89 
15 69 18 
7 88 39 
84 91 80 
53 29 17 
77 40 99 
16 29 87 
8 96 93 
66 19 64 
84 21 94 
90 18 30 
45 60 10 
18 97 62 
73 32 80 
48 38 28 
29 98 64 
52 74 81 
63 43 71 
6 82 19 
21 50 10 
22 10 34 
26 47 50 
92 39 60 
54 11 87 
48 54 6 
39 84 74 
64 72 37 
76 1 39 
43 73 77 
57 97 12 
5 28 90 
68 90 7 
65 78 1 
18 81 63 
43 73 17 
12 88 84 
84 41 15 
79 3 12 
33 83 58 
89 6 91 
8 40 35 
24 36 90 
35 55 67 
6 64 19 
34 14 40 
66 40 78 
48 12 39 
47 12 21 
95 20 17 
60 2 39 
82 9 4 
85 81 80 
2 9 6 
94 26 65 
1 7 26 
72 17 3 
12 76 18 
43 75 78 
36 67 35 
18 22 16 
33 22 58 
97 54 15 
98 53 22 
7 19 40 
89 97 27 
76 42 95 
9 73 76 
25 41 68 
16 72 68 
100 99 34 
30 65 21 
50 67 87 
78 35 91 
81 31 82 
62 2 50 
51 73 39 
2 37 57 
86 26 94 
42 19 59 
98 40 41 
84 97 53 
40 94 15 
5 4 24 
31 54 3 
74 68 3 
16 19 49 
7 68 8 
69 45 20 
72 29 27 
62 28 93 
26 43 85 
1 10 90 
36 50 95 
36 87 29 
16 100 31 
84 83 69 
64 97 88 
82 3 56 
60 76 35 
83 19 73 
39 99 38 
11 44 89 
11 19 43 
68 31 49 
29 78 35 
34 43 69 
64 44 76 
61 5 51 
64 28 85 
60 21 81 
25 17 80 
6 66 35 
2 55 9 
56 60 9 
47 27 32 
93 43 23 
88 53 22 
74 82 79 
81 84 93 
69 49 17 
19 70 94 
78 77 91 
87 65 30 
66 54 46 
67 74 81 
100 46 97 
39 49 58 
95 42 86 
60 77 45 
17 1 9 
26 68 79 
18 99 63 
66 17 22 
72 82 2 
80 13 3 
37 78 5 
67 47 58 
24 64 37 
94 55 8 
47 88 29 
42 33 77 
65 68 61 
48 84 70 
76 89 38 
11 52 28 
27 58 20 
4 75 30 
85 47 37 
57 28 61 
6 52 25 
73 7 60 
57 26 10 
16 12 88 
89 68 94 
46 4 58 
80 89 41 
79 20 8 
50 88 84 
30 63 41 
72 44 89 
27 58 91 
25 99 44 
98 30 45 
66 15 2 
24 73 91 
42 99 29 
80 54 14 
65 64 18 
49 37 80 
84 100 82 
57 50 39 
92 61 52 
10 11 87 
69 27 45 
44 60 7 
29 60 67 
95 29 26 
8 52 78 
1 51 67 
23 62 74 
27 68 4 
32 68 36 
36 17 33 
100 43 56 
7 1 75 
33 40 36 
76 67 95 
86 72 16 
82 47 54 
12 3 41 
23 99 24 
95 33 16 
83 47 33 
39 33 22 
9 44 6 
63 53 50 
83 92 84 
8 24 42 
50 91 1 
5 76 77 
82 83 16 
5 44 63 
91 64 60 
92 27 88 
91 85 94 
12 56 36 
15 70 17 
66 22 93 
21 8 100 
42 33 53 
39 25 84 
18 81 58 
36 63 66 
69 56 26 
72 69 46 
14 63 10 
69 19 78 
7 16 20 
55 88 75 
53 79 56 
78 57 11 
8 31 36 
34 60 84 
41 19 87 
94 75 61 
29 42 98 
40 19 46 
64 18 49 
52 16 93 
72 12 31 
77 75 48 
90 96 57 
31 69 65 
3 84 16 
36 75 96 
49 40 66 
27 45 72 
43 84 77 
39 29 94 
49 24 32 
49 5 96 
89 29 33 
17 48 16 
1 50 35 
34 94 49 
99 25 51 
78 71 84 
97 10 54 
53 80 90 
9 6 46 
49 51 63 
13 93 72 
47 87 19 
83 46 35 
45 93 8 
44 53 36 
2 74 90 
14 92 65 
99 53 44 
100 32 60 
31 64 30 
77 21 2 
97 23 25 
93 24 29 
53 43 73 
30 96 31 
7 57 68 
30 37 86 
98 42 27 
20 16 84 
43 39 66 
32 84 79 
65 93 64 
46 64 65 
41 38 54 
76 23 98 
45 2 21 
97 23 21 
28 26 25 
33 75 74 
21 41 48 
27 62 87 
82 100 19 
16 66 30 
43 64 10 
32 39 90 
75 61 36 
21 23 22 
40 53 44 
62 36 76 
47 90 31 
100 14 90 
40 51 41 
92 22 35 
31 39 81 
24 29 51 
27 30 40 
27 61 57 
86 8 4 
83 91 38 
74 78 25 
41 33 45 
49 10 60 
25 21 55 
81 9 21 
89 67 97 
13 88 21 
74 6 12 
40 28 26 
20 16 39 
11 58 44 
21 68 91 
49 10 37 
25 31 22 
34 39 90 
99 97 40 
97 79 52 
37 80 78 
98 53 46 
21 3 48 
11 35 44 
26 91 19 
47 94 46 
100 23 56 
17 23 21 
56 38 96 
82 5 69 
72 14 89 
37 46 18 
2 22 6 
68 60 22 
89 51 15 
52 54 82 
38 45 23 
89 48 25 
44 56 65 
66 83 13 
82 96 100 
87 70 48 
28 21 74 
87 46 81 
87 28 71 
36 25 10 
38 39 89 
36 8 25 
51 45 91 
40 14 88 
45 8 64 
21 93 66 
31 22 44 
4 75 32 
100 98 56 
71 80 65 
55 94 90 
78 25 88 
78 53 51 
35 34 8 
28 94 18 
64 93 26 
